-2.001987099647521973e-01
-1.434539109468460083e-01
-3.236247897148132324e-01
-2.746495008468627930e-01
-3.353846073150634766e-01
-4.065814912319183350e-01
-1.464960873126983643e-01
-3.984484970569610596e-01
-6.531879305839538574e-02
-3.284313380718231201e-01
-4.590909481048583984e-01
-3.173671662807464600e-01
-5.719253048300743103e-02
-3.263888955116271973e-01
-4.144267141819000244e-01
-3.602912127971649170e-01
-5.341589450836181641e-01
-1.256641447544097900e-01
-2.660845816135406494e-01
-2.561313211917877197e-01
-2.044212669134140015e-01
-1.528035849332809448e-01
-3.714930713176727295e-01
-2.945722043514251709e-01
-1.698246896266937256e-01
-3.726584911346435547e-01
-1.711578369140625000e-01
-2.109894156455993652e-01
-7.259391248226165771e-02
-3.185552656650543213e-01
-4.399513602256774902e-01
-2.275924384593963623e-01
-1.303570717573165894e-01
-2.557867467403411865e-01
-4.366806149482727051e-01
-2.145520746707916260e-01
-3.372381329536437988e-01
-3.036395311355590820e-01
-1.895924806594848633e-01
-1.733988225460052490e-01
-1.613863408565521240e-01
-1.559361964464187622e-01
-2.451429367065429688e-01
-1.480421572923660278e-01
-2.197991907596588135e-01
-3.635348379611968994e-01
-2.405251860618591309e-01
-2.025634348392486572e-01
-1.849853098392486572e-01
-4.236347377300262451e-01
