-3.533134460449218750e-01
-2.997213304042816162e-01
-4.585549831390380859e-01
-3.468588888645172119e-01
-2.087230831384658813e-01
-2.676576077938079834e-01
-3.292795419692993164e-01
-2.675324380397796631e-01
-2.266423106193542480e-01
-1.510911881923675537e-01
-3.892051577568054199e-01
-3.639190196990966797e-01
-2.841932475566864014e-01
-2.220419943332672119e-01
-4.342130422592163086e-01
-1.938058435916900635e-01
-1.228256672620773315e-01
-2.129575610160827637e-01
-2.814024388790130615e-01
-5.002321004867553711e-01
-2.430447787046432495e-01
-3.741995990276336670e-01
-4.105826616287231445e-01
-2.303337603807449341e-01
-4.402488172054290771e-01
-2.678389251232147217e-01
-2.762921750545501709e-01
-5.979019999504089355e-01
-3.274753391742706299e-01
-3.095496892929077148e-01
-4.127053320407867432e-01
-1.551479399204254150e-01
-3.515305817127227783e-01
-4.593919813632965088e-01
-6.244061589241027832e-01
-1.931386291980743408e-01
-3.647610545158386230e-01
-3.827162981033325195e-01
-3.134817183017730713e-01
-2.103454917669296265e-01
-3.251600861549377441e-01
-5.481341481208801270e-01
-4.077632427215576172e-01
-3.354378938674926758e-01
-4.357794225215911865e-01
-6.487183570861816406e-01
-2.260276973247528076e-01
-4.705941677093505859e-01
-1.638201773166656494e-01
-2.591806948184967041e-01
