-4.620694518089294434e-01
-2.665722370147705078e-01
-5.195801258087158203e-01
-1.349164694547653198e-01
-6.469789743423461914e-01
-1.847183704376220703e-01
-6.167366504669189453e-01
-4.824158847332000732e-01
-1.361885517835617065e-01
-2.034054994583129883e-01
-5.699490904808044434e-01
-6.542201638221740723e-01
-3.805651366710662842e-01
-7.875471562147140503e-02
-1.411400586366653442e-01
-7.199278473854064941e-02
1.612622290849685669e-01
-1.665683835744857788e-02
-6.167811751365661621e-01
-6.141239404678344727e-02
-2.780876159667968750e-01
1.684295758605003357e-02
-7.521723508834838867e-01
-7.434038817882537842e-02
-5.902236700057983398e-01
3.829944431781768799e-01
-5.610404014587402344e-01
4.303076863288879395e-02
-5.684159994125366211e-01
2.154493145644664764e-02
-3.802947103977203369e-01
-2.226203382015228271e-01
-7.772071659564971924e-02
-2.840959727764129639e-01
-1.085785180330276489e-01
-5.703814625740051270e-01
-5.301944017410278320e-01
3.644506260752677917e-02
1.239095702767372131e-01
-1.923171877861022949e-01
-2.261253446340560913e-01
-7.704384922981262207e-01
-6.163754686713218689e-02
-5.265368819236755371e-01
-1.655398756265640259e-01
-2.282812297344207764e-01
-1.293995380401611328e-01
-6.851240396499633789e-01
-6.491147279739379883e-01
-2.288963645696640015e-01
