-4.655335545539855957e-01
5.003030598163604736e-02
-4.213814437389373779e-02
-9.832367300987243652e-01
-5.464778542518615723e-01
-7.165985107421875000e-01
-4.701150953769683838e-01
-1.586873680353164673e-01
-8.303191065788269043e-01
-9.908223748207092285e-01
-2.189573645591735840e-01
-1.304398477077484131e-01
-1.725536286830902100e-01
-7.853937745094299316e-01
8.435541763901710510e-03
-2.587634623050689697e-01
-6.533276438713073730e-01
4.025165922939777374e-03
-7.294824123382568359e-01
-3.001866936683654785e-01
-4.859642088413238525e-01
-3.849594593048095703e-01
-2.538104355335235596e-01
-4.104775488376617432e-01
4.637484997510910034e-02
-4.329492151737213135e-01
-8.243244290351867676e-01
-4.791016876697540283e-01
-9.913920760154724121e-01
-1.504273898899555206e-02
2.437030896544456482e-02
-7.470760345458984375e-01
-9.222455620765686035e-01
-9.703140854835510254e-01
1.341221295297145844e-02
-7.057584077119827271e-02
-9.162611365318298340e-01
-6.118438839912414551e-01
-1.586753875017166138e-01
-4.413080811500549316e-01
-5.657794475555419922e-01
-2.546987235546112061e-01
-9.779551625251770020e-01
2.151091024279594421e-02
-7.562303543090820312e-01
-3.655555844306945801e-01
-8.318619132041931152e-01
-1.468346863985061646e-01
-6.278721094131469727e-01
-1.181058865040540695e-02
