4.231780767440795898e-01
-1.590693593025207520e-01
-5.305818915367126465e-01
-4.306645989418029785e-01
-1.886837184429168701e-01
-3.114577233791351318e-01
-3.682844340801239014e-01
-3.245624601840972900e-01
-3.052970767021179199e-01
-1.811591684818267822e-01
-2.404523640871047974e-01
-3.756397664546966553e-01
-3.672200441360473633e-01
-2.666547894477844238e-01
-2.353622764348983765e-01
-5.052060484886169434e-01
-4.899598956108093262e-01
-4.937568306922912598e-01
-3.732064664363861084e-01
-3.200394213199615479e-01
-4.446388483047485352e-01
-3.221910893917083740e-01
-2.810424864292144775e-01
-3.419841825962066650e-01
-3.791565597057342529e-01
-2.815963327884674072e-01
-4.625325500965118408e-01
-4.885852038860321045e-01
-4.690398573875427246e-01
-4.472588002681732178e-01
-4.370393753051757812e-01
-4.964670240879058838e-01
-4.941095411777496338e-01
-3.904058039188385010e-01
-5.577148795127868652e-01
-4.972698390483856201e-01
-3.293833732604980469e-01
-5.762843489646911621e-01
-3.947578668594360352e-01
-1.463679969310760498e-01
-5.079555884003639221e-02
6.139947474002838135e-02
1.882588267326354980e-01
3.204408884048461914e-01
5.611544847488403320e-01
5.764157176017761230e-01
6.533129811286926270e-01
4.683095514774322510e-01
2.655317783355712891e-01
1.004942506551742554e-01
3.068217262625694275e-02
-1.634521037340164185e-01
-1.299015432596206665e-01
-9.231045097112655640e-02
-2.293622195720672607e-01
-3.503210544586181641e-01
-2.782293856143951416e-01
-2.641672194004058838e-01
-4.088987708091735840e-01
-5.358278751373291016e-01
-7.149358987808227539e-01
-8.331196904182434082e-01
-1.098266720771789551e+00
-1.133223533630371094e+00
-1.287540912628173828e+00
-1.306718349456787109e+00
-1.138803124427795410e+00
-1.341468811035156250e+00
-1.465702414512634277e+00
-1.493242859840393066e+00
-1.572889566421508789e+00
-1.575641274452209473e+00
-1.695174336433410645e+00
-1.766093611717224121e+00
-1.769404292106628418e+00
-1.714102864265441895e+00
-1.736220240592956543e+00
-1.860270500183105469e+00
-1.816318631172180176e+00
-1.902686238288879395e+00
-1.865494728088378906e+00
-1.936940550804138184e+00
-1.881077647209167480e+00
-1.818601489067077637e+00
-1.944485902786254883e+00
-2.054288148880004883e+00
-2.103790283203125000e+00
-2.001621723175048828e+00
-2.168343067169189453e+00
-2.148461580276489258e+00
-2.134252786636352539e+00
-2.479428529739379883e+00
-2.256442785263061523e+00
-2.245961189270019531e+00
-2.221556901931762695e+00
-2.489743232727050781e+00
-2.159753084182739258e+00
-2.574392080307006836e+00
-2.371481895446777344e+00
-2.688640594482421875e+00
