-9.650487452745437622e-02
-4.237148165702819824e-01
-3.391937613487243652e-01
-3.814357817173004150e-01
-4.233693778514862061e-01
-1.220599785447120667e-01
-2.344245761632919312e-01
-2.601165473461151123e-01
-2.886362969875335693e-01
-2.268806695938110352e-01
-5.108922719955444336e-01
-2.912752330303192139e-01
-3.989889323711395264e-01
-2.009831368923187256e-01
-2.642293572425842285e-01
-3.122517168521881104e-01
-4.605463743209838867e-01
-3.772575855255126953e-01
1.791048347949981689e-01
-2.260447591543197632e-01
-2.500704824924468994e-01
-3.091105818748474121e-01
-3.924890458583831787e-01
-3.475586175918579102e-01
4.777064546942710876e-02
-5.977008342742919922e-01
-9.575889259576797485e-02
-3.673993647098541260e-01
-3.769007921218872070e-01
-2.327872365713119507e-01
1.304938364773988724e-02
-2.670137286186218262e-01
-2.849519848823547363e-01
-2.346057891845703125e-01
-8.426383733749389648e-01
-4.186790585517883301e-01
-4.799264073371887207e-01
9.584972262382507324e-02
-2.344770580530166626e-01
-4.636594951152801514e-01
-7.110224366188049316e-01
-7.899459451436996460e-02
-4.118820130825042725e-01
-1.295067965984344482e-01
-3.650629222393035889e-01
-4.385234117507934570e-01
-1.750181913375854492e-01
-7.512576580047607422e-01
-2.294598966836929321e-01
-4.391217529773712158e-01
