-1.771073043346405029e-01
-2.796781063079833984e-01
-1.836209297180175781e-01
-4.243801236152648926e-01
-1.282025724649429321e-01
-1.900740116834640503e-01
-1.997590959072113037e-01
-3.488827645778656006e-01
-6.647997349500656128e-02
-2.012795507907867432e-01
-5.102438926696777344e-01
-4.706509411334991455e-01
-9.809790551662445068e-02
-4.994347691535949707e-01
-4.966136217117309570e-01
-3.851285874843597412e-01
-2.892546057701110840e-01
-2.005583941936492920e-01
-1.792548149824142456e-01
-2.072713077068328857e-01
-4.181142449378967285e-01
-1.395251452922821045e-01
-3.791088759899139404e-01
-1.988092511892318726e-01
-4.326045215129852295e-01
-2.679216563701629639e-01
-4.058844223618507385e-02
-4.547937214374542236e-02
-1.535024493932723999e-01
-2.840203046798706055e-01
-8.747087419033050537e-02
-2.965232431888580322e-01
-7.941553741693496704e-02
-2.357833236455917358e-01
-1.160679087042808533e-01
-1.416242718696594238e-01
-1.012613698840141296e-01
-4.638030230998992920e-01
-4.109690487384796143e-01
-2.850595116615295410e-01
-1.542911380529403687e-01
-2.606511712074279785e-01
-2.237252593040466309e-01
-3.362997174263000488e-01
-3.182724416255950928e-01
-4.824951887130737305e-01
-4.465392231941223145e-01
-1.970391720533370972e-01
-3.455283492803573608e-02
-3.040150403976440430e-01
