-7.923558950424194336e-01
1.917837738990783691e+00
-6.856017708778381348e-01
-5.181404948234558105e-01
-9.535453915596008301e-01
-5.672836899757385254e-01
-2.479482144117355347e-01
-1.885963827371597290e-01
-6.934202313423156738e-01
-2.430543005466461182e-01
-7.942769527435302734e-01
-8.770324587821960449e-01
-7.567053437232971191e-01
-7.667397260665893555e-01
3.251030743122100830e-01
-7.524452805519104004e-01
1.034417510032653809e+00
-6.848402619361877441e-01
-5.695204734802246094e-01
2.672311365604400635e-01
4.506050944328308105e-01
-8.173877596855163574e-01
-5.041086673736572266e-01
5.765988826751708984e-01
-2.440008521080017090e-01
-9.254797697067260742e-01
2.162615299224853516e+00
-8.592605590820312500e-01
-3.458304107189178467e-01
-5.335394144058227539e-01
-4.790971279144287109e-01
8.750533461570739746e-01
-2.753694951534271240e-01
5.303019881248474121e-01
-7.634055018424987793e-01
-4.803493618965148926e-01
1.235262528061866760e-01
5.016396641731262207e-01
-9.614472985267639160e-01
1.534571528434753418e+00
-7.608909606933593750e-01
-6.416712403297424316e-01
-3.471399247646331787e-01
-6.220622658729553223e-01
3.459523022174835205e-01
1.706822991371154785e+00
-3.655258417129516602e-01
-3.574219942092895508e-01
-5.589089393615722656e-01
-5.407500267028808594e-01
