-9.476242065429687500e-01
-1.363157927989959717e-01
7.617933675646781921e-03
-7.414074540138244629e-01
-1.000267982482910156e+00
-9.860085248947143555e-01
-4.730847477912902832e-02
-9.955858588218688965e-01
-9.681099057197570801e-01
-7.175706624984741211e-01
-9.711107611656188965e-01
1.542779803276062012e-02
2.421293407678604126e-03
-1.134202070534229279e-02
-9.879928231239318848e-01
-9.750490188598632812e-01
-1.669294666498899460e-03
-9.764498472213745117e-01
-7.694900035858154297e-01
-2.484156936407089233e-02
-1.414733529090881348e-01
-4.504246413707733154e-01
2.051418647170066833e-02
-9.033544063568115234e-01
-2.696958836168050766e-03
-9.467713832855224609e-01
-9.827044010162353516e-01
6.392245180904865265e-03
-1.022643923759460449e+00
-2.537618577480316162e-02
-8.643782883882522583e-02
-1.701836585998535156e-01
2.385785570368170738e-03
-4.114013910293579102e-02
-1.768702454864978790e-02
-4.020570963621139526e-02
3.895812481641769409e-02
-1.007565259933471680e+00
-9.801442623138427734e-01
-9.782036542892456055e-01
6.002579350024461746e-03
2.197464369237422943e-02
1.357726752758026123e-02
1.923920121043920517e-03
-9.516332745552062988e-01
-8.046521544456481934e-01
-9.613670706748962402e-01
9.781873784959316254e-03
5.176401697099208832e-03
-4.913511574268341064e-01
