-2.809482097625732422e+00
-3.161125659942626953e+00
-3.313340663909912109e+00
-3.165283918380737305e+00
-2.786931753158569336e+00
-2.985968828201293945e+00
-2.946776151657104492e+00
-2.641422510147094727e+00
-2.412883758544921875e+00
-2.552725315093994141e+00
-2.440920114517211914e+00
-2.555903434753417969e+00
-2.587607860565185547e+00
-2.580363512039184570e+00
-2.127896070480346680e+00
-2.042675971984863281e+00
-1.880566000938415527e+00
-1.875724434852600098e+00
-1.338018298149108887e+00
-1.260651826858520508e+00
-8.388218879699707031e-01
-5.372683405876159668e-01
-2.939644753932952881e-01
1.580957174301147461e-01
2.445186376571655273e-01
-9.713222831487655640e-02
-5.913037061691284180e-01
-1.141733050346374512e+00
-1.606107354164123535e+00
-2.488005638122558594e+00
-3.072355270385742188e+00
-3.269123077392578125e+00
-3.394870996475219727e+00
-3.451048612594604492e+00
-3.162120580673217773e+00
-3.013487100601196289e+00
-2.796974420547485352e+00
-2.757330894470214844e+00
-2.516336202621459961e+00
-2.160095691680908203e+00
-1.471499443054199219e+00
-1.417654633522033691e+00
-1.198321700096130371e+00
-1.462045192718505859e+00
-1.066635370254516602e+00
-9.281172752380371094e-01
-8.702556490898132324e-01
-7.307381629943847656e-01
-1.115988492965698242e+00
-1.110592603683471680e+00
-1.167623400688171387e+00
-1.580574035644531250e+00
-2.247894287109375000e+00
-2.475483894348144531e+00
-2.610526561737060547e+00
-2.006596565246582031e+00
-2.792133569717407227e+00
-2.753141403198242188e+00
-3.162350893020629883e+00
-3.074206352233886719e+00
-2.964633226394653320e+00
-3.202052831649780273e+00
-3.300362825393676758e+00
-3.302339553833007812e+00
-3.785600900650024414e+00
-4.306459903717041016e+00
-4.641297817230224609e+00
-5.073219299316406250e+00
-5.722103118896484375e+00
-6.042603969573974609e+00
-6.367278099060058594e+00
-6.413536071777343750e+00
-7.086095333099365234e+00
-7.551280021667480469e+00
-7.944148063659667969e+00
-8.339554786682128906e+00
-9.104133605957031250e+00
-9.848211288452148438e+00
-1.042201042175292969e+01
-1.096302318572998047e+01
-1.157176971435546875e+01
-1.218790245056152344e+01
-1.282622528076171875e+01
-1.328500747680664062e+01
-1.368807220458984375e+01
-1.430068302154541016e+01
-1.537175750732421875e+01
-1.645851516723632812e+01
-1.715939903259277344e+01
-1.726735305786132812e+01
-1.803532981872558594e+01
-1.772914123535156250e+01
-1.797356414794921875e+01
-1.787136840820312500e+01
-1.792814826965332031e+01
-1.811263084411621094e+01
-1.730528259277343750e+01
-1.770874404907226562e+01
-1.309209346771240234e+01
-1.530186080932617188e+01
