512.438979641
495.946887612
480.441148847
465.84260793
452.079799712
439.089744195
426.81378752
415.197998762
404.195319682
393.760931373
383.854754984
374.439797573
365.482219651
356.951472633
348.819556348
341.059665866
333.647822216
326.561970703
319.782111526
313.288763203
307.064734355
301.093722187
295.360360816
289.851017013
284.552375667
279.452665545
274.542149819
269.811384439
265.234156519
260.824893445
256.549348839
252.403459497
248.413368016
244.562690794
240.839464135
237.236271098
233.747877985
230.368084706
227.092282288
223.916511528
220.835592061
217.846540973
214.946392149
212.132700197
209.400434405
206.744873077
204.162974849
201.651663043
199.207865216
196.828840129
194.512506828
192.256311562
190.057974238
187.915154129
185.825583927
183.787079953
181.798305076
179.856495496
177.960144404
176.107294992
174.296358719
172.525510114
170.793797404
169.099351812
167.441374853
165.818600908
164.230305433
162.674716234
161.151661966
159.659746476
158.198897112
156.767487325
155.364519022
153.988459859
152.634059351
151.298206009
150.073368713
148.791884009
147.545602564
146.325182389
