61.9448076431
61.7246993687
61.5287943985
61.3345068935
61.1414791122
60.9493774474
60.7583982237
60.5683823042
60.3793967031
60.1913949084
60.0043373387
59.8182618152
59.6329706963
59.4485494271
59.2649983745
59.0823283941
58.9004865922
58.7195405066
58.5394353271
58.3601679578
58.1816749778
58.0040109325
57.8271788992
57.6511800736
57.4760739114
57.3015918788
57.1280471161
56.9552585576
56.7832131423
56.611936057
56.441489324
56.2717023827
56.1028615963
55.9345080294
55.7670857906
55.6002590116
55.4343515597
55.2691337075
55.1044663936
54.9406984001
54.7776891422
54.6153908353
54.453734098
54.2926700301
54.1322699487
53.9726544879
53.8136760611
53.6554764342
53.4978377093
53.3408409562
53.1845170576
53.028893197
52.8738406934
52.7196047455
52.5657812264
52.4128662404
52.260477962
52.1087682527
51.9578263331
51.8074155189
51.6575112324
51.5081393067
51.3595171254
51.211520372
51.0641913451
50.9174279626
50.7712835874
50.62561954
50.4807445277
50.336319875
50.1926838327
50.0493586306
49.9067327883
49.7646831982
49.6232636906
49.4824638739
49.3423248101
49.2026856765
49.0635148138
48.9249495752
