89.9803391304
89.4868712332
89.119276423
88.7570193317
88.400406206
88.0490941945
87.7016411573
87.3585560787
87.0189981218
86.6831735689
86.3499748018
86.0174247418
85.6829295252
85.4360959083
84.8720596135
84.551035136
84.2380060665
83.9255521204
83.6178183332
83.3123411033
83.0094188526
82.7094859462
82.4130353462
82.1209758576
81.8239093646
81.584770957
81.1797911674
80.9175187815
80.5794836637
80.3362084161
80.0659039505
79.7737896051
79.6600718107
79.3680502418
79.0643208101
78.8772856016
78.5672708526
78.2836645227
77.9961097091
77.7160848491
77.4444781449
77.1777437627
76.9139373992
76.6524643023
76.3937054724
76.1367575228
75.8813393209
75.6252080314
75.3704539724
75.1257795747
74.8203633279
74.5402618665
74.3744679354
74.2101563755
73.9346044175
73.7267152686
73.4695029892
73.1243748516
72.9189882576
72.775286993
72.5112607945
72.2955166977
72.0871048961
71.8850064743
71.625306692
71.325177988
71.1209526379
70.8881578036
70.6676979288
70.5462192018
70.3491279222
70.1113903634
69.8911180571
69.6829682905
69.4762099497
69.2708361931
69.0649461709
68.8579260837
68.6462344788
68.4265836738
