140.47891349
139.165881105
138.069024365
136.983339507
135.917818241
134.873278983
133.84910192
132.84495011
131.86003539
130.892549239
129.935163956
129.066906858
128.139624491
127.216776233
126.315279953
125.434459619
124.569803141
123.723680347
122.893863603
122.078097425
121.275695287
120.486488337
119.710395332
118.947406519
118.19606179
117.456819559
116.726705538
115.996644337
115.246559944
114.649060749
113.940705165
113.249681024
112.570230629
112.039513774
111.29697315
110.644080704
109.999305461
109.363186494
108.735710613
108.116890945
107.505687827
106.901837092
106.305183737
105.715200745
105.132437587
104.555630766
103.985407412
103.42229926
102.865776341
102.316511765
101.774455946
101.238797326
100.710293673
100.187731126
99.6715449654
99.161592178
98.6573049873
98.1593635399
97.6666624546
97.1796313301
96.6976516098
96.2204264849
95.7471999265
95.2752736546
94.7921921723
94.2960774153
93.9026836436
93.4263767339
92.9783438724
92.5415681638
92.1097819395
91.6822499745
91.271795908
90.8287526909
90.4302108139
90.0258324929
89.6263200808
89.2328573912
88.8461832386
88.465365611
