178479.064888
174054.407745
173759.320786
173741.160156
173721.159645
173680.247147
173599.664925
173448.590393
173174.402893
172691.316795
171874.236977
170553.231339
168486.468307
165326.193253
160601.541138
153703.090775
143919.548523
130706.56041
114329.227528
96427.6118927
79427.93363
65328.1184959
55226.7497921
48757.7629013
44459.0372047
41185.2599716
38472.9946632
36060.9919682
33771.7700882
31481.4465828
29103.8365383
26591.5671768
23956.6640387
21312.2264109
18890.5137901
16880.8016481
15184.8369193
13602.5174994
12055.3906884
10547.4841709
9117.49822998
7817.85041928
6695.35420823
5769.90525985
5026.17844903
4428.4549278
3940.71695614
3535.32506913
3192.94335753
2900.15529758
2647.38587379
2427.51678777
2235.04411942
2065.57571107
1915.52429587
1781.94026309
1662.38501877
1554.84611359
1457.66566283
1369.47751802
1289.15488142
1215.76541477
1148.52671188
1086.7801258
1029.96055865
977.583120286
929.226428717
884.523345813
843.142377108
804.791651398
769.209069401
736.157160312
705.419006541
676.799121156
650.120057255
625.219759896
601.951182678
580.180325642
559.785370052
540.655724376
