-7.384107708930969238e-01
-6.790902465581893921e-02
-3.161009252071380615e-01
-3.880412280559539795e-01
-2.807745635509490967e-01
-9.535066783428192139e-02
-2.331351190805435181e-01
-6.619791984558105469e-01
-2.132775783538818359e-01
-5.275587439537048340e-01
-5.405929684638977051e-01
-6.335804462432861328e-01
1.282315934076905251e-03
-4.153592884540557861e-01
-3.014449775218963623e-01
-5.025740265846252441e-01
-4.046604931354522705e-01
-4.580270349979400635e-01
-4.171945154666900635e-01
-7.463927865028381348e-01
