-5.223823785781860352e-01
-4.724367260932922363e-01
-4.900861978530883789e-01
-2.662674486637115479e-01
-4.201201200485229492e-01
-4.322837293148040771e-01
-7.249529957771301270e-01
-4.371427595615386963e-01
-3.942278921604156494e-01
-4.804855883121490479e-01
-5.475327968597412109e-01
-6.899377107620239258e-01
-5.325428247451782227e-01
-3.540931344032287598e-01
-7.663522362709045410e-01
-6.772003769874572754e-01
-4.501584768295288086e-01
-4.253388941287994385e-01
-4.164020717144012451e-01
-3.328392803668975830e-01
