-7.786409258842468262e-01
5.943529605865478516e-01
4.592185914516448975e-01
-5.391146540641784668e-01
-5.794221162796020508e-01
-6.603878140449523926e-01
2.080936431884765625e-01
-5.553696751594543457e-01
1.995811313390731812e-01
-6.696541905403137207e-01
-5.049446821212768555e-01
-7.460996508598327637e-01
2.820620536804199219e-01
-5.199471116065979004e-01
-5.081745386123657227e-01
-3.435051441192626953e-01
-5.617592483758926392e-02
-6.592562794685363770e-02
-8.870845437049865723e-01
-4.756383001804351807e-01
