-2.559087038040161133e+00
1.919653415679931641e-01
8.823002874851226807e-02
-1.137485653162002563e-01
-3.612301349639892578e+00
-3.509569168090820312e-01
-2.261613905429840088e-01
-1.684539914131164551e+00
-1.150987148284912109e+00
-2.287667751312255859e+00
1.365304350852966309e+00
1.826207190752029419e-01
-8.279004096984863281e-01
-1.842479348182678223e+00
-4.784847497940063477e-01
7.361201941967010498e-02
-1.156438812613487244e-01
2.813112735748291016e-01
1.513134539127349854e-01
1.818583965301513672e+00
