-2.490413284301757812e+01
-2.490443801879882812e+01
-2.481761550903320312e+01
-2.487283897399902344e+01
-2.494107818603515625e+01
-2.484202575683593750e+01
-2.486952018737792969e+01
-2.493754768371582031e+01
-2.494880104064941406e+01
-2.483240318298339844e+01
-2.500099563598632812e+01
-2.486869812011718750e+01
-2.492758750915527344e+01
-2.484876441955566406e+01
-2.480826759338378906e+01
-2.490531158447265625e+01
-2.481725692749023438e+01
-2.502875137329101562e+01
-2.493078804016113281e+01
-2.482878875732421875e+01
-2.487376594543457031e+01
-2.499763107299804688e+01
-2.489147567749023438e+01
-2.487444496154785156e+01
-2.483584213256835938e+01
-2.485668754577636719e+01
-2.491374206542968750e+01
-2.491030693054199219e+01
-2.487321472167968750e+01
-2.485693168640136719e+01
-2.496079444885253906e+01
-2.489561653137207031e+01
-2.490431785583496094e+01
-2.493264198303222656e+01
-2.487998199462890625e+01
-2.493107414245605469e+01
-2.500695800781250000e+01
-2.488342094421386719e+01
-2.490271759033203125e+01
-2.488200759887695312e+01
-2.484984397888183594e+01
-2.496062660217285156e+01
-2.494172477722167969e+01
-2.490200614929199219e+01
-2.484999275207519531e+01
-2.492446136474609375e+01
-2.488517570495605469e+01
-2.491218757629394531e+01
-2.489638328552246094e+01
-2.496090126037597656e+01
-2.480096626281738281e+01
-2.489328193664550781e+01
-2.491536521911621094e+01
-2.491854858398437500e+01
-2.491274261474609375e+01
-2.485671615600585938e+01
-2.495606803894042969e+01
-2.496507453918457031e+01
-2.495897483825683594e+01
-2.495757293701171875e+01
-2.486603355407714844e+01
-2.486198043823242188e+01
-2.492360115051269531e+01
-2.498404312133789062e+01
-2.492449378967285156e+01
-2.489552497863769531e+01
-2.486281394958496094e+01
-2.488499259948730469e+01
-2.497047615051269531e+01
-2.483533096313476562e+01
-2.483880996704101562e+01
-2.484377479553222656e+01
-2.488138771057128906e+01
-2.495328903198242188e+01
-2.490682601928710938e+01
-2.492852973937988281e+01
-2.488762092590332031e+01
-2.486698913574218750e+01
-2.494359588623046875e+01
-2.488582611083984375e+01
-2.490390014648437500e+01
-2.490032386779785156e+01
-2.500827980041503906e+01
-2.503405570983886719e+01
-2.493536567687988281e+01
-2.495161819458007812e+01
-2.483783912658691406e+01
-2.487536048889160156e+01
-2.483104896545410156e+01
-2.491715621948242188e+01
-2.495974159240722656e+01
-2.487364959716796875e+01
-2.491841697692871094e+01
-2.481215476989746094e+01
-2.504224205017089844e+01
-2.485296440124511719e+01
-2.501577949523925781e+01
-2.492376136779785156e+01
-2.493474960327148438e+01
-2.499366760253906250e+01
-2.482786369323730469e+01
-2.491918182373046875e+01
-2.494103813171386719e+01
-2.497848320007324219e+01
-2.488013267517089844e+01
-2.484446334838867188e+01
-2.480261802673339844e+01
-2.493375205993652344e+01
-2.500420570373535156e+01
-2.491471099853515625e+01
-2.488791465759277344e+01
-2.494418525695800781e+01
-2.494969558715820312e+01
-2.496014785766601562e+01
-2.480877876281738281e+01
-2.494684982299804688e+01
-2.489837455749511719e+01
-2.504705238342285156e+01
-2.486837196350097656e+01
-2.481681442260742188e+01
-2.489336585998535156e+01
-2.490294075012207031e+01
-2.488279914855957031e+01
-2.488446044921875000e+01
-2.490639114379882812e+01
-2.477850151062011719e+01
-2.499298477172851562e+01
-2.489697265625000000e+01
-2.478207397460937500e+01
-2.490089225769042969e+01
-2.494352722167968750e+01
-2.493877601623535156e+01
-2.492441558837890625e+01
-2.495649909973144531e+01
-2.494325828552246094e+01
-2.488900184631347656e+01
-2.488025093078613281e+01
-2.491785240173339844e+01
-2.492156410217285156e+01
-2.494944953918457031e+01
-2.490682411193847656e+01
-2.493226623535156250e+01
-2.496843147277832031e+01
-2.488849449157714844e+01
-2.485344505310058594e+01
-2.487210845947265625e+01
-2.487426185607910156e+01
-2.485441589355468750e+01
-2.494861602783203125e+01
-2.501173973083496094e+01
-2.494453048706054688e+01
-2.488444328308105469e+01
-2.489627838134765625e+01
-2.489150428771972656e+01
-2.493696784973144531e+01
-2.481902885437011719e+01
-2.499674797058105469e+01
-2.490945816040039062e+01
-2.482125854492187500e+01
-2.490821647644042969e+01
-2.490567779541015625e+01
-2.485229301452636719e+01
-2.497326469421386719e+01
-2.489993095397949219e+01
-2.484041595458984375e+01
-2.490083694458007812e+01
-2.485248184204101562e+01
-2.493894386291503906e+01
-2.488601684570312500e+01
-2.489498519897460938e+01
-2.490947151184082031e+01
-2.490628242492675781e+01
-2.503342056274414062e+01
-2.504770660400390625e+01
-2.489192581176757812e+01
-2.492517089843750000e+01
-2.489556121826171875e+01
-2.483636856079101562e+01
-2.488079643249511719e+01
-2.486175346374511719e+01
-2.496646499633789062e+01
-2.493249320983886719e+01
-2.488881111145019531e+01
-2.487339019775390625e+01
-2.493878555297851562e+01
-2.483936500549316406e+01
-2.480939102172851562e+01
-2.499387550354003906e+01
-2.491026878356933594e+01
-2.484031486511230469e+01
-2.485378074645996094e+01
-2.482851982116699219e+01
-2.480850601196289062e+01
-2.496510314941406250e+01
-2.495982742309570312e+01
-2.493906784057617188e+01
-2.499677658081054688e+01
-2.493193244934082031e+01
-2.490248680114746094e+01
-2.490059280395507812e+01
-2.493446540832519531e+01
-2.494368362426757812e+01
-2.485539436340332031e+01
-2.486850738525390625e+01
-2.480314826965332031e+01
-2.496827697753906250e+01
-2.485555839538574219e+01
-2.492703819274902344e+01
-2.499291992187500000e+01
-2.492467880249023438e+01
-2.493111038208007812e+01
-2.477862930297851562e+01
-2.492279815673828125e+01
-2.493430137634277344e+01
-2.492071342468261719e+01
-2.486925697326660156e+01
-2.491565132141113281e+01
-2.496944808959960938e+01
-2.483802413940429688e+01
-2.494259262084960938e+01
-2.489401054382324219e+01
-2.483767509460449219e+01
-2.475402450561523438e+01
-2.488499641418457031e+01
-2.496757698059082031e+01
-2.497769927978515625e+01
-2.495204353332519531e+01
-2.487603378295898438e+01
-2.490101242065429688e+01
-2.493944168090820312e+01
-2.480053520202636719e+01
-2.483431243896484375e+01
-2.491928100585937500e+01
-2.488732528686523438e+01
-2.494844627380371094e+01
-2.486749458312988281e+01
-2.482577705383300781e+01
-2.478874969482421875e+01
-2.490206336975097656e+01
-2.487075042724609375e+01
-2.481691169738769531e+01
-2.485530471801757812e+01
-2.491656112670898438e+01
-2.489643478393554688e+01
-2.495477485656738281e+01
-2.490688705444335938e+01
-2.498234939575195312e+01
-2.479882049560546875e+01
-2.504708862304687500e+01
-2.488981819152832031e+01
-2.487409400939941406e+01
-2.482556533813476562e+01
-2.483894920349121094e+01
-2.492958831787109375e+01
-2.478139877319335938e+01
-2.495050621032714844e+01
-2.483002662658691406e+01
-2.497077751159667969e+01
-2.497637748718261719e+01
-2.503738784790039062e+01
-2.502289581298828125e+01
-2.497034645080566406e+01
-2.480101394653320312e+01
-2.490365600585937500e+01
-2.497017478942871094e+01
-2.480031394958496094e+01
-2.489629745483398438e+01
-2.489392852783203125e+01
-2.480468750000000000e+01
-2.475058555603027344e+01
-2.478384399414062500e+01
-2.485037040710449219e+01
-2.474780464172363281e+01
-2.491779136657714844e+01
-2.479198837280273438e+01
-2.478730010986328125e+01
-2.492205619812011719e+01
-2.497944068908691406e+01
-2.484015274047851562e+01
-2.486869430541992188e+01
-2.490056037902832031e+01
-2.483868980407714844e+01
-2.492394065856933594e+01
-2.494162368774414062e+01
-2.490255928039550781e+01
-2.494880676269531250e+01
-2.481451416015625000e+01
-2.488472366333007812e+01
-2.496876525878906250e+01
-2.476551246643066406e+01
-2.486429977416992188e+01
-2.490420150756835938e+01
-2.488465309143066406e+01
-2.496050643920898438e+01
-2.486783409118652344e+01
-2.496279144287109375e+01
-2.478587532043457031e+01
-2.493670463562011719e+01
-2.492802047729492188e+01
-2.483471488952636719e+01
-2.485812568664550781e+01
-2.492606925964355469e+01
-2.486001396179199219e+01
-2.497180747985839844e+01
-2.478349876403808594e+01
-2.486604881286621094e+01
-2.485203361511230469e+01
-2.492110061645507812e+01
-2.491269874572753906e+01
-2.487414550781250000e+01
-2.494359397888183594e+01
-2.492232513427734375e+01
-2.480580711364746094e+01
-2.479504013061523438e+01
-2.496520042419433594e+01
-2.489258575439453125e+01
-2.485713577270507812e+01
-2.487121963500976562e+01
-2.489743804931640625e+01
-2.500274467468261719e+01
-2.487284469604492188e+01
-2.481976890563964844e+01
-2.493264579772949219e+01
-2.490870094299316406e+01
-2.495396614074707031e+01
-2.490475082397460938e+01
-2.484922599792480469e+01
-2.396835136413574219e+01
-2.501564216613769531e+01
-2.488362693786621094e+01
-2.494429016113281250e+01
-2.503996849060058594e+01
-2.490978240966796875e+01
-2.496498489379882812e+01
-2.484501266479492188e+01
-2.490501594543457031e+01
-2.492221260070800781e+01
-2.484709358215332031e+01
-2.479144477844238281e+01
-2.482631111145019531e+01
-2.495151710510253906e+01
-2.481396293640136719e+01
-2.376661682128906250e+01
-2.499167823791503906e+01
-2.501906394958496094e+01
-2.372831726074218750e+01
-2.491821670532226562e+01
-2.486844253540039062e+01
-2.380386161804199219e+01
-2.485294914245605469e+01
-2.485198020935058594e+01
-2.376851844787597656e+01
-2.488793945312500000e+01
-2.496136474609375000e+01
-2.500635337829589844e+01
-2.487482070922851562e+01
-2.494915580749511719e+01
-2.388933372497558594e+01
-2.289691734313964844e+01
-2.263066291809082031e+01
-2.489254951477050781e+01
-2.242315101623535156e+01
-2.363846969604492188e+01
-2.385227394104003906e+01
-2.367443275451660156e+01
-2.489898872375488281e+01
-2.481509590148925781e+01
-2.388142013549804688e+01
-2.255625915527343750e+01
-2.269304656982421875e+01
-2.484083175659179688e+01
-2.472955322265625000e+01
-2.496475982666015625e+01
-2.299953269958496094e+01
-2.477452087402343750e+01
-2.369420623779296875e+01
-2.292360305786132812e+01
-2.486375045776367188e+01
-2.272832107543945312e+01
-2.372877120971679688e+01
-2.276072883605957031e+01
-2.316347122192382812e+01
-2.318635559082031250e+01
-2.291610336303710938e+01
-2.271212768554687500e+01
-2.487305068969726562e+01
-2.326445579528808594e+01
-2.247115325927734375e+01
-2.487374114990234375e+01
-2.317511749267578125e+01
-2.126790428161621094e+01
-2.280821800231933594e+01
-2.291343879699707031e+01
-2.294443511962890625e+01
-2.242194747924804688e+01
-2.162936401367187500e+01
-2.234069061279296875e+01
-2.198254776000976562e+01
-2.298420524597167969e+01
-2.151185798645019531e+01
-2.263070297241210938e+01
-2.144752311706542969e+01
-2.185198402404785156e+01
-2.411861038208007812e+01
-2.473351860046386719e+01
-2.278231620788574219e+01
-2.210457229614257812e+01
-2.352972412109375000e+01
-2.260615348815917969e+01
-2.175067138671875000e+01
-2.411518287658691406e+01
-2.377459335327148438e+01
-2.142341804504394531e+01
-2.176312065124511719e+01
-2.357811737060546875e+01
-2.361969947814941406e+01
-2.181895637512207031e+01
-2.234145164489746094e+01
-2.320847129821777344e+01
-2.316645622253417969e+01
-2.332481956481933594e+01
-2.378193283081054688e+01
-2.140701866149902344e+01
-2.426832771301269531e+01
-2.424857521057128906e+01
-2.313500785827636719e+01
-2.400708389282226562e+01
-2.393200683593750000e+01
-2.341034889221191406e+01
-2.422860908508300781e+01
-2.366931533813476562e+01
-2.396252250671386719e+01
-2.417787742614746094e+01
-2.375973892211914062e+01
-2.416371726989746094e+01
-2.426057434082031250e+01
-2.433532142639160156e+01
-2.403524208068847656e+01
-2.403206443786621094e+01
-2.342526817321777344e+01
-2.507264137268066406e+01
-2.400486183166503906e+01
-2.453994750976562500e+01
-2.383264732360839844e+01
-2.474202346801757812e+01
-2.448284339904785156e+01
-2.438373184204101562e+01
-2.454133605957031250e+01
-2.364119529724121094e+01
-2.416116905212402344e+01
-2.454450225830078125e+01
-2.441030502319335938e+01
-2.449857902526855469e+01
-2.411104393005371094e+01
-2.426493835449218750e+01
-2.453075790405273438e+01
-2.471076011657714844e+01
-2.437226486206054688e+01
-2.437671089172363281e+01
-2.340812301635742188e+01
-2.460951805114746094e+01
-2.374176979064941406e+01
-2.418708992004394531e+01
-2.392265129089355469e+01
-2.389385032653808594e+01
-2.340473747253417969e+01
-2.282501983642578125e+01
-2.258506774902343750e+01
-2.344429969787597656e+01
-2.281318092346191406e+01
-2.322866249084472656e+01
-2.189117622375488281e+01
-2.176459121704101562e+01
-2.207018852233886719e+01
-2.152435302734375000e+01
-2.041551971435546875e+01
-2.110758781433105469e+01
-2.127138137817382812e+01
-2.071443367004394531e+01
-1.962404632568359375e+01
-1.997735404968261719e+01
-1.919670677185058594e+01
-1.906570434570312500e+01
-1.842425727844238281e+01
-1.850221061706542969e+01
-1.842310333251953125e+01
-1.836667251586914062e+01
-1.751867103576660156e+01
-1.712398910522460938e+01
-1.684558677673339844e+01
-1.621956062316894531e+01
-1.524632930755615234e+01
-1.414552783966064453e+01
-1.466428947448730469e+01
-1.372739219665527344e+01
-1.294409084320068359e+01
-1.163776302337646484e+01
-1.077869129180908203e+01
-1.034144496917724609e+01
-1.046148204803466797e+01
-8.712308883666992188e+00
-8.633808135986328125e+00
-8.260758399963378906e+00
-7.791199207305908203e+00
-7.314964294433593750e+00
-7.430950641632080078e+00
-7.259825229644775391e+00
-6.227366447448730469e+00
-5.879359245300292969e+00
-6.293814182281494141e+00
-6.133044242858886719e+00
-5.191358566284179688e+00
-4.952362537384033203e+00
-5.371889591217041016e+00
-4.727449417114257812e+00
-4.365742206573486328e+00
-4.233733654022216797e+00
-3.235593080520629883e+00
-3.170293331146240234e+00
-2.036682605743408203e+00
-2.379214763641357422e+00
-1.624010086059570312e+00
-1.830438375473022461e+00
-2.406942129135131836e+00
-2.747361183166503906e+00
-3.118851184844970703e+00
-3.328454256057739258e+00
-3.961808204650878906e+00
-3.932586908340454102e+00
-4.051745891571044922e+00
-4.713806152343750000e+00
-4.641187667846679688e+00
-4.809015750885009766e+00
-4.818667411804199219e+00
-5.274624824523925781e+00
-5.274035930633544922e+00
-5.208726882934570312e+00
-5.063520431518554688e+00
-5.153583526611328125e+00
-5.132625579833984375e+00
-4.907382488250732422e+00
-4.846266269683837891e+00
-4.744075775146484375e+00
-5.261631011962890625e+00
-5.081131935119628906e+00
-4.987348079681396484e+00
-5.239734649658203125e+00
-5.070242881774902344e+00
-5.129752159118652344e+00
-5.468553543090820312e+00
-5.290466308593750000e+00
-5.205487251281738281e+00
-5.162836074829101562e+00
-4.894836425781250000e+00
-5.041838645935058594e+00
-4.810467720031738281e+00
-4.818645954132080078e+00
-5.074303150177001953e+00
-4.523908615112304688e+00
-4.903531551361083984e+00
-5.092730045318603516e+00
-5.350321769714355469e+00
-5.625642776489257812e+00
-5.771744728088378906e+00
-6.050734519958496094e+00
-6.083004474639892578e+00
-6.512329578399658203e+00
-6.541854858398437500e+00
-6.571679115295410156e+00
-6.253127098083496094e+00
-5.984602928161621094e+00
-5.992084026336669922e+00
-6.330453872680664062e+00
-5.953700065612792969e+00
-5.946911334991455078e+00
-5.848146915435791016e+00
-5.832605838775634766e+00
-5.257153511047363281e+00
-5.470397472381591797e+00
-5.087580204010009766e+00
-5.066373348236083984e+00
-4.611404418945312500e+00
-4.144699573516845703e+00
-4.270990371704101562e+00
-3.338943481445312500e+00
-3.709401130676269531e+00
-3.675814867019653320e+00
-3.384295463562011719e+00
-3.419314861297607422e+00
-3.106760978698730469e+00
-3.854034662246704102e+00
-4.051461219787597656e+00
-3.945934057235717773e+00
-4.742048740386962891e+00
-5.496636867523193359e+00
-5.415876388549804688e+00
-5.939023971557617188e+00
-5.935475826263427734e+00
-6.582912921905517578e+00
-6.783838748931884766e+00
-6.123643875122070312e+00
-6.292074203491210938e+00
-6.353265762329101562e+00
-6.366829872131347656e+00
-6.938196182250976562e+00
-6.604779720306396484e+00
-7.086313724517822266e+00
-7.266058921813964844e+00
-7.267898082733154297e+00
-7.532453060150146484e+00
-7.114574432373046875e+00
-6.281657695770263672e+00
-6.608695507049560547e+00
-6.767781734466552734e+00
-6.333298683166503906e+00
-6.681110382080078125e+00
-6.393997192382812500e+00
-6.652785301208496094e+00
-5.901754856109619141e+00
-6.639196872711181641e+00
-7.434861660003662109e+00
-7.730425357818603516e+00
-8.139387130737304688e+00
-9.228239059448242188e+00
-1.036320590972900391e+01
-1.131185913085937500e+01
-1.242227077484130859e+01
-1.288514995574951172e+01
-1.327404594421386719e+01
-1.488276004791259766e+01
-1.547981834411621094e+01
-1.664365768432617188e+01
-1.661568260192871094e+01
-1.742463111877441406e+01
-2.002433967590332031e+01
-2.025776100158691406e+01
-2.073642730712890625e+01
-2.136772918701171875e+01
-2.184319496154785156e+01
-2.153666114807128906e+01
-2.288017272949218750e+01
-2.277632904052734375e+01
-2.306859588623046875e+01
-2.201829338073730469e+01
-2.288541221618652344e+01
-2.336950874328613281e+01
-2.291364097595214844e+01
-2.298773193359375000e+01
-2.294317054748535156e+01
-2.307573699951171875e+01
-2.233613014221191406e+01
-2.319462966918945312e+01
-2.338067245483398438e+01
-2.335977172851562500e+01
-2.345019531250000000e+01
-2.369939613342285156e+01
-2.395378303527832031e+01
-2.408125877380371094e+01
-2.392677879333496094e+01
-2.413654327392578125e+01
-2.407582092285156250e+01
-2.438949012756347656e+01
-2.457370948791503906e+01
-2.449827003479003906e+01
-2.444645309448242188e+01
-2.488279724121093750e+01
-2.411900901794433594e+01
-2.456889915466308594e+01
-2.481917762756347656e+01
-2.464153289794921875e+01
-2.503485107421875000e+01
-2.462475395202636719e+01
-2.511362838745117188e+01
-2.459431076049804688e+01
-2.456316375732421875e+01
-2.494703292846679688e+01
-2.512084007263183594e+01
-2.514441299438476562e+01
-2.504291343688964844e+01
-2.515601348876953125e+01
-2.476882743835449219e+01
-2.445618438720703125e+01
-2.508242607116699219e+01
-2.477695846557617188e+01
-2.483354187011718750e+01
-2.527729797363281250e+01
-2.504207229614257812e+01
-2.429878997802734375e+01
-2.470226097106933594e+01
-2.439856147766113281e+01
-2.439499855041503906e+01
-2.405529022216796875e+01
-2.432925415039062500e+01
-2.431745529174804688e+01
-2.418370056152343750e+01
-2.335782623291015625e+01
-2.370372009277343750e+01
-2.323879814147949219e+01
-2.463372993469238281e+01
-2.480957412719726562e+01
-2.456888198852539062e+01
-2.532830810546875000e+01
-2.433303451538085938e+01
-2.335947799682617188e+01
-2.415493583679199219e+01
-2.398949241638183594e+01
-2.316628837585449219e+01
-2.520161247253417969e+01
-2.476621246337890625e+01
-2.520614814758300781e+01
-2.494651031494140625e+01
-2.370788764953613281e+01
-2.460960960388183594e+01
-2.251286888122558594e+01
-2.459499168395996094e+01
-2.387523841857910156e+01
-2.238617706298828125e+01
-2.476971817016601562e+01
-2.482044219970703125e+01
-2.250437736511230469e+01
-2.429105377197265625e+01
-2.435724639892578125e+01
-2.349162292480468750e+01
-2.476546859741210938e+01
-2.300458145141601562e+01
-2.278649139404296875e+01
-2.276230049133300781e+01
-2.544206619262695312e+01
-2.464837646484375000e+01
-2.296753311157226562e+01
-2.410928153991699219e+01
-2.327635383605957031e+01
-2.328170394897460938e+01
-2.316537857055664062e+01
-2.397924232482910156e+01
-2.384450912475585938e+01
-2.411125564575195312e+01
-2.379709625244140625e+01
-2.343292808532714844e+01
-2.319567108154296875e+01
-2.239293098449707031e+01
-2.275464820861816406e+01
-2.495380783081054688e+01
-2.319995117187500000e+01
-2.478598403930664062e+01
-2.484839820861816406e+01
-2.485822105407714844e+01
-2.401414871215820312e+01
-2.477867507934570312e+01
-2.490150451660156250e+01
-2.492834854125976562e+01
-2.501696205139160156e+01
-2.484149169921875000e+01
-2.415592765808105469e+01
-2.369924926757812500e+01
-2.491946029663085938e+01
-2.472812461853027344e+01
-2.377908897399902344e+01
-2.402128028869628906e+01
-2.487210273742675781e+01
-2.498030662536621094e+01
-2.488313102722167969e+01
-2.496262550354003906e+01
-2.493811225891113281e+01
-2.328735733032226562e+01
-2.488041877746582031e+01
-2.393988418579101562e+01
-2.380419731140136719e+01
-2.491199493408203125e+01
-2.497524642944335938e+01
-2.492530059814453125e+01
-2.502355957031250000e+01
-2.484326171875000000e+01
-2.483607101440429688e+01
-2.495300292968750000e+01
-2.495396804809570312e+01
-2.489392852783203125e+01
-2.491049575805664062e+01
-2.490349006652832031e+01
-2.495093345642089844e+01
-2.488191032409667969e+01
-2.495185089111328125e+01
-2.489629745483398438e+01
-2.498101997375488281e+01
-2.484627914428710938e+01
-2.485929298400878906e+01
-2.482310295104980469e+01
-2.493337440490722656e+01
-2.490962982177734375e+01
-2.484009552001953125e+01
-2.495620346069335938e+01
-2.492604446411132812e+01
-2.480400657653808594e+01
-2.481876754760742188e+01
-2.489833450317382812e+01
-2.496457099914550781e+01
-2.484540367126464844e+01
-2.492026329040527344e+01
-2.487019729614257812e+01
-2.489266395568847656e+01
-2.488112640380859375e+01
-2.488487625122070312e+01
-2.479112243652343750e+01
-2.492328834533691406e+01
-2.495713806152343750e+01
-2.490505218505859375e+01
-2.500089836120605469e+01
-2.484522819519042969e+01
-2.485135269165039062e+01
-2.486751365661621094e+01
-2.486062622070312500e+01
-2.486843109130859375e+01
-2.484221076965332031e+01
-2.489634132385253906e+01
-2.490172386169433594e+01
-2.484473419189453125e+01
-2.485615730285644531e+01
-2.485393905639648438e+01
-2.489297676086425781e+01
-2.490555763244628906e+01
-2.495814704895019531e+01
-2.489737129211425781e+01
-2.484395980834960938e+01
-2.486746215820312500e+01
-2.483475303649902344e+01
-2.493858337402343750e+01
-2.492303276062011719e+01
-2.498660469055175781e+01
-2.483150291442871094e+01
-2.495299530029296875e+01
-2.493541145324707031e+01
-2.494372940063476562e+01
-2.498423576354980469e+01
-2.484527587890625000e+01
-2.491608810424804688e+01
-2.483405303955078125e+01
-2.502062988281250000e+01
-2.489563941955566406e+01
-2.489058113098144531e+01
-2.487419509887695312e+01
-2.486470413208007812e+01
-2.480636596679687500e+01
-2.482254028320312500e+01
-2.490475654602050781e+01
-2.493658256530761719e+01
-2.489863967895507812e+01
-2.488338279724121094e+01
-2.490611457824707031e+01
-2.489258193969726562e+01
-2.493910408020019531e+01
-2.479575920104980469e+01
-2.494480705261230469e+01
-2.498868370056152344e+01
-2.499404907226562500e+01
-2.490439796447753906e+01
-2.494961547851562500e+01
-2.499945068359375000e+01
-2.485879135131835938e+01
-2.484136199951171875e+01
-2.490860939025878906e+01
-2.488968276977539062e+01
-2.497225761413574219e+01
-2.488113784790039062e+01
-2.494454765319824219e+01
-2.478138923645019531e+01
-2.488050270080566406e+01
-2.501922607421875000e+01
-2.481013298034667969e+01
-2.491528129577636719e+01
-2.482704544067382812e+01
-2.490337562561035156e+01
-2.503560256958007812e+01
-2.478951454162597656e+01
-2.484831809997558594e+01
-2.489974021911621094e+01
-2.491096687316894531e+01
-2.497517204284667969e+01
-2.486207962036132812e+01
-2.489510345458984375e+01
-2.482173728942871094e+01
-2.493831062316894531e+01
-2.493607521057128906e+01
-2.489296340942382812e+01
-2.486396408081054688e+01
-2.507690429687500000e+01
-2.496824073791503906e+01
-2.493778991699218750e+01
-2.489013099670410156e+01
-2.488692283630371094e+01
-2.496376037597656250e+01
-2.493119430541992188e+01
-2.496250915527343750e+01
-2.484826087951660156e+01
-2.494398117065429688e+01
-2.488810157775878906e+01
-2.487167549133300781e+01
-2.481652450561523438e+01
-2.497193717956542969e+01
-2.493891716003417969e+01
-2.485129547119140625e+01
-2.489632606506347656e+01
-2.495899009704589844e+01
-2.501438140869140625e+01
-2.490508651733398438e+01
-2.481312942504882812e+01
-2.483254432678222656e+01
-2.492111968994140625e+01
-2.483158302307128906e+01
-2.487998199462890625e+01
-2.494083595275878906e+01
-2.489498710632324219e+01
-2.489326286315917969e+01
-2.490974044799804688e+01
-2.490348243713378906e+01
-2.490020561218261719e+01
-2.492263603210449219e+01
-2.487875366210937500e+01
-2.489520835876464844e+01
-2.494548606872558594e+01
-2.494369125366210938e+01
-2.492645454406738281e+01
-2.495638656616210938e+01
-2.485871887207031250e+01
-2.483106803894042969e+01
-2.489201927185058594e+01
-2.504558181762695312e+01
-2.483398437500000000e+01
-2.501502418518066406e+01
-2.486917495727539062e+01
-2.481746673583984375e+01
-2.486371803283691406e+01
-2.488418006896972656e+01
-2.474319267272949219e+01
-2.483907699584960938e+01
-2.488267707824707031e+01
-2.488303375244140625e+01
-2.489124870300292969e+01
-2.487582969665527344e+01
-2.495816421508789062e+01
-2.479981613159179688e+01
-2.475949287414550781e+01
-2.498785591125488281e+01
-2.485289382934570312e+01
-2.491704750061035156e+01
-2.511374473571777344e+01
-2.488162612915039062e+01
-2.497053718566894531e+01
-2.484163093566894531e+01
-2.485875892639160156e+01
-2.487491416931152344e+01
-2.488653373718261719e+01
-2.491585731506347656e+01
-2.499107933044433594e+01
-2.495794486999511719e+01
-2.482461357116699219e+01
-2.492577743530273438e+01
-2.493137359619140625e+01
-2.502233886718750000e+01
-2.493627738952636719e+01
-2.492198944091796875e+01
-2.481350135803222656e+01
-2.487992477416992188e+01
-2.482667541503906250e+01
-2.489870643615722656e+01
-2.479448699951171875e+01
-2.498709106445312500e+01
-2.488639259338378906e+01
-2.498429298400878906e+01
-2.477807426452636719e+01
-2.493171691894531250e+01
-2.480774307250976562e+01
-2.493095779418945312e+01
-2.486275482177734375e+01
-2.486400222778320312e+01
-2.493737411499023438e+01
-2.491934585571289062e+01
-2.483506011962890625e+01
-2.490211868286132812e+01
-2.502429962158203125e+01
-2.484194755554199219e+01
-2.478998756408691406e+01
-2.485520553588867188e+01
-2.492230987548828125e+01
-2.499324226379394531e+01
-2.486390876770019531e+01
-2.489270401000976562e+01
-2.492013359069824219e+01
-2.492972564697265625e+01
-2.495870590209960938e+01
-2.495931625366210938e+01
-2.478211021423339844e+01
-2.488008117675781250e+01
-2.486017036437988281e+01
-2.489940071105957031e+01
-2.493257713317871094e+01
-2.502960586547851562e+01
-2.487991142272949219e+01
-2.489800643920898438e+01
-2.502670669555664062e+01
-2.487700080871582031e+01
