4916.98401499
4451.62923813
3837.09096384
3551.20926499
3377.78952789
3263.63493276
3185.12260461
3119.89972401
3080.32141376
3048.18418145
3015.76611257
2988.20554924
2957.67508841
2934.36529589
2912.84120536
2887.75243688
2875.63542175
2867.85558677
2853.56340098
2845.04601574
2834.02610874
2818.34741282
2808.00632858
2803.22980547
2799.42120123
2795.3938694
2789.99347496
2789.61003494
2785.63227844
2784.527179
2783.18693066
2779.31788039
2775.67604756
2761.14320397
2742.08786607
2736.02926469
2740.18400288
2738.45402718
2739.74568987
2732.90085602
2728.52093863
2725.03930426
2726.32612491
2722.46514821
2722.68691444
2713.73474288
2707.51161218
2703.88195825
2695.8121767
2695.90641046
2695.03042245
2689.8501687
2683.94566703
2679.08137321
2668.55971098
2667.62960935
2666.59735489
2657.17931795
2654.60895991
2647.3111279
2647.88005304
2641.87997198
2641.27423
2646.3433609
2645.17422414
2647.32183552
2643.59306288
2640.3131671
2641.8812716
2638.87762165
2638.26510358
2635.76308465
2630.11276007
2632.07027292
2639.04052305
2635.63793349
2633.77189898
2627.3916893
2627.58902955
2627.22346878
