2235.05029345
1884.45044804
1655.76858544
1573.91666508
1527.82405686
1503.69929695
1480.94550419
1465.67218828
1453.74535012
1443.26447654
1428.12765145
1416.96947694
1407.99838901
1399.87932444
1389.09039211
1375.11812735
1362.59162927
1344.36331987
1315.90403175
1287.23402143
1258.94370079
1242.68359208
1232.37741661
1222.77967143
1207.77745724
1198.01244783
1192.71252275
1181.70693564
1177.96042132
1167.36829233
1163.71949792
1154.24791384
1150.62520266
1148.02560759
1140.7265873
1139.05712223
1131.00341725
1124.93788767
1128.78693795
1122.10516596
1119.27050924
1114.97442603
1109.20764756
1113.54714084
1104.06969261
1105.37730145
1103.46316075
1096.88481784
1097.3745296
1091.70490313
1090.77679682
1092.90207481
1088.9142766
1084.72176385
1082.77790499
1080.8229003
1076.21666074
1076.37974215
1081.27360964
1073.34867668
1066.40287137
1066.74531269
1061.68906116
1061.36403561
1054.63117027
1060.68780446
1058.34655643
1056.53158212
1061.19406748
1050.83542848
1048.51800704
1050.67521715
1046.31090093
1047.53529477
1042.99686837
1039.60688806
1039.80469513
1040.28185558
1041.3503716
1039.43786216
