6056.16727662
5526.32872939
5156.2468338
5587.34969044
5542.50413609
5756.13085103
5343.2866509
5806.944314
4950.16136479
5367.88695979
5297.75853825
5107.46016955
5241.9701395
5444.2368176
5193.40645027
5740.49977565
4417.87579608
4115.05757523
4212.76462364
4207.13030076
4191.37329745
4665.13304877
4360.85442662
4354.28739333
4343.96838117
4076.51635289
4234.22278976
4269.31420827
4153.23159099
4191.97315073
4138.19538212
4261.06259251
4162.07079315
4220.88500905
4255.38546658
4614.92604876
4509.05741096
4496.09478879
4267.35517192
4292.59328365
4404.23852754
4222.66117764
4156.23832941
4366.74930358
4384.18260407
4125.04437447
4165.81609392
4123.81832099
4177.18548441
4291.73661304
