-4.752445220947265625e-02
1.584205217659473419e-02
-1.867821067571640015e-01
4.520661756396293640e-02
3.201850922778248787e-04
-8.825337141752243042e-02
2.753926627337932587e-02
-2.290346100926399231e-02
1.456276476383209229e-01
-2.218804955482482910e-01
-1.126015782356262207e-01
-8.307038247585296631e-02
2.386453598737716675e-01
2.252941280603408813e-01
1.706111282110214233e-01
-6.996425986289978027e-02
7.838682085275650024e-02
-6.036451831459999084e-02
2.872084267437458038e-02
1.128225475549697876e-01
6.242880597710609436e-03
1.754850521683692932e-02
-1.834809184074401855e-01
-1.461935937404632568e-01
-5.951440893113613129e-03
-2.393562495708465576e-01
2.665710151195526123e-01
9.293188899755477905e-02
1.885177195072174072e-01
7.536959648132324219e-02
-7.282273471355438232e-02
-1.312698870897293091e-01
1.234101410955190659e-02
2.178774178028106689e-01
1.442348212003707886e-01
-1.061150655150413513e-01
-1.466007679700851440e-01
5.958292260766029358e-02
-1.938161812722682953e-02
2.322967797517776489e-01
1.601289212703704834e-01
1.301218569278717041e-01
2.101586572825908661e-02
-1.503040790557861328e-01
1.359145045280456543e-01
2.111146003007888794e-01
-8.841969072818756104e-02
1.023536399006843567e-01
-3.829829767346382141e-02
6.757432129234075546e-03
