2.418383508920669556e-01
1.592930406332015991e-02
-1.437540799379348755e-01
-3.761946260929107666e-01
-1.704768836498260498e-01
1.173601597547531128e-01
4.838044755160808563e-03
-1.230869628489017487e-02
-1.762584596872329712e-01
-9.363806247711181641e-02
-2.517011761665344238e-01
-7.128603756427764893e-02
1.005287766456604004e-01
-2.630557417869567871e-01
-5.255441181361675262e-03
-1.513422280550003052e-01
-1.093458905816078186e-01
-1.989557743072509766e-01
-2.614417672157287598e-01
-2.380263209342956543e-01
-1.081085950136184692e-01
4.728562012314796448e-02
-2.488610148429870605e-01
6.024359539151191711e-02
-3.267163336277008057e-01
-3.194031864404678345e-02
-5.659053474664688110e-02
-2.777281999588012695e-01
-2.325891554355621338e-01
-2.700526416301727295e-01
-1.559280902147293091e-01
-8.514361083507537842e-02
3.499231487512588501e-02
1.161760017275810242e-01
-2.376342415809631348e-01
2.796707153320312500e-01
7.441597431898117065e-02
-2.018532007932662964e-01
2.808088250458240509e-02
4.126619398593902588e-01
-1.370504647493362427e-01
-2.784237861633300781e-01
6.639312952756881714e-02
-2.340005710721015930e-02
2.279266566038131714e-01
-3.397255539894104004e-01
-2.661689221858978271e-01
-3.048428893089294434e-01
-8.247408270835876465e-02
3.045134246349334717e-01
