7.802481651306152344e-01
7.784938216209411621e-01
3.585370182991027832e-01
-1.718833923339843750e+00
5.748715400695800781e-01
1.057601571083068848e+00
1.390031218528747559e+00
9.945632219314575195e-01
6.715646386146545410e-01
1.968777418136596680e+00
-5.242794156074523926e-01
7.868967652320861816e-01
-2.128649055957794189e-01
-1.096314191818237305e+00
3.760105073451995850e-01
-1.745408654212951660e+00
5.769602060317993164e-01
1.175686359405517578e+00
5.711956620216369629e-01
1.684037923812866211e+00
-2.737854957580566406e+00
1.538315415382385254e+00
1.156116962432861328e+00
8.144168853759765625e-01
3.882675766944885254e-01
6.069898009300231934e-01
4.351427853107452393e-01
6.199046969413757324e-01
-5.201170444488525391e-01
1.149247527122497559e+00
4.461151733994483948e-02
8.596388697624206543e-01
5.707450509071350098e-01
5.057659745216369629e-01
8.314379453659057617e-01
1.014738917350769043e+00
-1.684970855712890625e+00
8.947477936744689941e-01
2.001806735992431641e+00
8.239000439643859863e-01
6.779128313064575195e-01
-1.294334679841995239e-01
-1.457985997200012207e+00
8.147590160369873047e-01
7.895955443382263184e-01
-5.772287249565124512e-01
7.659769058227539062e-01
1.106983423233032227e+00
-2.542599678039550781e+00
-5.107620358467102051e-01
