2.864265143871307373e-01
-5.192515850067138672e-01
-4.236508011817932129e-01
-3.502038121223449707e-01
-4.157228767871856689e-01
2.840099669992923737e-02
-2.872340083122253418e-01
-3.538823127746582031e-01
-3.306940793991088867e-01
-2.737052440643310547e-01
-3.002021610736846924e-01
4.228144884109497070e-01
-3.637188673019409180e-01
-2.385358810424804688e-01
-3.363552689552307129e-01
6.824890971183776855e-01
-2.905163168907165527e-01
-3.061275184154510498e-01
-3.655798137187957764e-01
-4.158727824687957764e-01
6.353592276573181152e-01
4.312924444675445557e-01
-2.492892593145370483e-01
-2.912338376045227051e-01
5.240190029144287109e-02
-2.696057558059692383e-01
-3.641032874584197998e-01
-3.766171336174011230e-01
-5.261925607919692993e-02
-2.425683289766311646e-01
-3.875058293342590332e-01
-3.426421582698822021e-01
-3.992247283458709717e-01
-2.829451560974121094e-01
-3.912798166275024414e-01
-3.063029646873474121e-01
-4.159796833992004395e-01
-1.396729797124862671e-02
-3.596998751163482666e-01
-8.161818236112594604e-02
4.471192359924316406e-01
-4.519209265708923340e-01
2.533829808235168457e-01
5.395802259445190430e-01
-3.203688561916351318e-01
-3.168967664241790771e-01
3.675689399242401123e-01
-3.235505521297454834e-01
-2.926224470138549805e-01
1.617566198110580444e-01
