-4.491237258911132812e+01
-4.488633346557617188e+01
-4.476353454589843750e+01
-4.483302688598632812e+01
-4.497973251342773438e+01
-4.499252319335937500e+01
-4.490066909790039062e+01
-4.488683319091796875e+01
-4.479221725463867188e+01
-4.479222869873046875e+01
-4.497880554199218750e+01
-4.479330062866210938e+01
-4.494663238525390625e+01
-4.497811508178710938e+01
-4.491884994506835938e+01
-4.478727340698242188e+01
-4.481597137451171875e+01
-4.488220977783203125e+01
-4.482627868652343750e+01
-4.492100143432617188e+01
-4.487660980224609375e+01
-4.488438796997070312e+01
-4.485448455810546875e+01
-4.483562469482421875e+01
-4.489657974243164062e+01
-4.484756088256835938e+01
-4.496437835693359375e+01
-4.498360824584960938e+01
-4.501959228515625000e+01
-4.497017288208007812e+01
-4.501586151123046875e+01
-4.499608230590820312e+01
-4.488032531738281250e+01
-4.485024261474609375e+01
-4.492887496948242188e+01
-4.482802581787109375e+01
-4.500839996337890625e+01
-4.489733886718750000e+01
-4.502009582519531250e+01
-4.494481277465820312e+01
-4.494912338256835938e+01
-4.491957855224609375e+01
-4.500955963134765625e+01
-4.486761856079101562e+01
-4.500107574462890625e+01
-4.499265289306640625e+01
-4.486782836914062500e+01
-4.492257690429687500e+01
-4.497607803344726562e+01
-4.482250976562500000e+01
-4.485685729980468750e+01
-4.479182434082031250e+01
-4.486639404296875000e+01
-4.485435485839843750e+01
-4.483381652832031250e+01
-4.483193969726562500e+01
-4.483235549926757812e+01
-4.492553329467773438e+01
-4.477474594116210938e+01
-4.494419860839843750e+01
-4.483658981323242188e+01
-4.494276428222656250e+01
-4.484860610961914062e+01
-4.494184112548828125e+01
-4.502978134155273438e+01
-4.487246704101562500e+01
-4.508040237426757812e+01
-4.492156219482421875e+01
-4.490942382812500000e+01
-4.486444473266601562e+01
-4.473813247680664062e+01
-4.498767089843750000e+01
-4.482501983642578125e+01
-4.489387130737304688e+01
-4.482282257080078125e+01
-4.482080459594726562e+01
-4.490132522583007812e+01
-4.478762817382812500e+01
-4.481612014770507812e+01
-4.497877502441406250e+01
-4.481943130493164062e+01
-4.488206481933593750e+01
-4.490642929077148438e+01
-4.490273284912109375e+01
-4.484593200683593750e+01
-4.489071655273437500e+01
-4.485079193115234375e+01
-4.484532546997070312e+01
-4.488262176513671875e+01
-4.488396453857421875e+01
-4.503741455078125000e+01
-4.484474563598632812e+01
-4.499049758911132812e+01
-4.501344299316406250e+01
-4.484492111206054688e+01
-4.485533142089843750e+01
-4.494474792480468750e+01
-4.486990356445312500e+01
-4.495309829711914062e+01
-4.481042480468750000e+01
-4.497486877441406250e+01
-4.498842620849609375e+01
-4.477024459838867188e+01
-4.483837890625000000e+01
-4.493544006347656250e+01
-4.482711410522460938e+01
-4.484811019897460938e+01
-4.484341049194335938e+01
-4.491946029663085938e+01
-4.494128799438476562e+01
-4.488576126098632812e+01
-4.497994995117187500e+01
-4.492766952514648438e+01
-4.492052841186523438e+01
-4.489032363891601562e+01
-4.490486526489257812e+01
-4.489136886596679688e+01
-4.492133331298828125e+01
-4.489265060424804688e+01
-4.494977188110351562e+01
-4.489096069335937500e+01
-4.488823699951171875e+01
-4.499396514892578125e+01
-4.489847183227539062e+01
-4.477659225463867188e+01
-4.499251937866210938e+01
-4.494852066040039062e+01
-4.489806365966796875e+01
-4.497333526611328125e+01
-4.492301559448242188e+01
-4.481976318359375000e+01
-4.486250686645507812e+01
-4.496510696411132812e+01
-4.490337753295898438e+01
-4.487742996215820312e+01
-4.481797790527343750e+01
-4.485145568847656250e+01
-4.488167953491210938e+01
-4.489361572265625000e+01
-4.477861022949218750e+01
-4.489479827880859375e+01
-4.479594802856445312e+01
-4.484861755371093750e+01
-4.504791259765625000e+01
-4.495467376708984375e+01
-4.491101074218750000e+01
-4.482592773437500000e+01
-4.501107406616210938e+01
-4.488251495361328125e+01
-4.489537429809570312e+01
-4.492435836791992188e+01
-4.485549926757812500e+01
-4.484975051879882812e+01
-4.489257812500000000e+01
-4.486513519287109375e+01
-4.495744323730468750e+01
-4.498874664306640625e+01
-4.485688400268554688e+01
-4.484103393554687500e+01
-4.481602096557617188e+01
-4.490684890747070312e+01
-4.487538909912109375e+01
-4.489771270751953125e+01
-4.489809799194335938e+01
-4.484879684448242188e+01
-4.495920944213867188e+01
-4.487530899047851562e+01
-4.501615905761718750e+01
-4.477751922607421875e+01
-4.487056350708007812e+01
-4.484426116943359375e+01
-4.478324127197265625e+01
-4.491326522827148438e+01
-4.487266159057617188e+01
-4.486238861083984375e+01
-4.488890457153320312e+01
-4.486192703247070312e+01
-4.484370040893554688e+01
-4.482206726074218750e+01
-4.494202804565429688e+01
-4.485692214965820312e+01
-4.491390609741210938e+01
-4.485184478759765625e+01
-4.497076034545898438e+01
-4.491520309448242188e+01
-4.489498901367187500e+01
-4.497203445434570312e+01
-4.494080352783203125e+01
-4.475777435302734375e+01
-4.484829711914062500e+01
-4.495568847656250000e+01
-4.476087951660156250e+01
-4.489891052246093750e+01
-4.481708145141601562e+01
-4.476882934570312500e+01
-4.477479553222656250e+01
-4.492420578002929688e+01
-4.482313156127929688e+01
-4.501610565185546875e+01
-4.503373336791992188e+01
-4.495943450927734375e+01
-4.484230422973632812e+01
-4.486420059204101562e+01
-4.470451354980468750e+01
-4.486657333374023438e+01
-4.486349868774414062e+01
-4.479005813598632812e+01
-4.479325103759765625e+01
-4.481951141357421875e+01
-4.495441436767578125e+01
-4.475004196166992188e+01
-4.485374832153320312e+01
-4.487750244140625000e+01
-4.478532791137695312e+01
-4.479552078247070312e+01
-4.484599685668945312e+01
-4.477902221679687500e+01
-4.491435623168945312e+01
-4.485606765747070312e+01
-4.474655151367187500e+01
-4.495884704589843750e+01
-4.483290100097656250e+01
-4.497222900390625000e+01
-4.483987808227539062e+01
-4.482221984863281250e+01
-4.501344299316406250e+01
-4.488473892211914062e+01
-4.492241287231445312e+01
-4.480912017822265625e+01
-4.487700271606445312e+01
-4.491030883789062500e+01
-4.488001251220703125e+01
-4.485049438476562500e+01
-4.489890670776367188e+01
-4.506555938720703125e+01
-4.507964706420898438e+01
-4.489333343505859375e+01
-4.500127029418945312e+01
-4.494081878662109375e+01
-4.493479537963867188e+01
-4.491749572753906250e+01
-4.495326232910156250e+01
-4.491316604614257812e+01
-4.483752441406250000e+01
-4.495725631713867188e+01
-4.489459609985351562e+01
-4.494044494628906250e+01
-4.487842178344726562e+01
-4.485614395141601562e+01
-4.482709503173828125e+01
-4.503434753417968750e+01
-4.489625549316406250e+01
-4.476190948486328125e+01
-4.486305618286132812e+01
-4.495051193237304688e+01
-4.487493515014648438e+01
-4.483801651000976562e+01
-4.490929794311523438e+01
-4.489079666137695312e+01
-4.487785339355468750e+01
-4.488658905029296875e+01
-4.485418701171875000e+01
-4.499464035034179688e+01
-4.484331130981445312e+01
-4.480311965942382812e+01
-4.493732833862304688e+01
-4.490766143798828125e+01
-4.497288894653320312e+01
-4.487416458129882812e+01
-4.495859527587890625e+01
-4.494420242309570312e+01
-4.505038833618164062e+01
-4.492017364501953125e+01
-4.495023727416992188e+01
-4.486421203613281250e+01
-4.480652618408203125e+01
-4.480463409423828125e+01
-4.476142883300781250e+01
-4.488404846191406250e+01
-4.488097000122070312e+01
-4.481675338745117188e+01
-4.492416763305664062e+01
-4.504142379760742188e+01
-4.490316009521484375e+01
-4.492203521728515625e+01
-4.483466720581054688e+01
-4.489285278320312500e+01
-4.490673446655273438e+01
-4.488260269165039062e+01
-4.498993682861328125e+01
-4.490967559814453125e+01
-4.494555664062500000e+01
-4.475495529174804688e+01
-4.472792053222656250e+01
-4.492051315307617188e+01
-4.497996902465820312e+01
-4.483255386352539062e+01
-4.482566833496093750e+01
-4.500157165527343750e+01
-4.496928787231445312e+01
-4.476032257080078125e+01
-4.484117126464843750e+01
-4.489881515502929688e+01
-4.499930953979492188e+01
-4.486146545410156250e+01
-4.496722030639648438e+01
-4.480137252807617188e+01
-4.487489700317382812e+01
-4.492773818969726562e+01
-4.481481552124023438e+01
-4.495575714111328125e+01
-4.486051177978515625e+01
-4.488707351684570312e+01
-4.484755706787109375e+01
-4.475506973266601562e+01
-4.473250579833984375e+01
-4.472900772094726562e+01
-4.484716415405273438e+01
-4.493297958374023438e+01
-4.469566345214843750e+01
-4.504029083251953125e+01
-4.480329513549804688e+01
-4.492461776733398438e+01
-4.494077301025390625e+01
-4.487633895874023438e+01
-4.485738372802734375e+01
-4.493864822387695312e+01
-4.496136474609375000e+01
-4.496809387207031250e+01
-4.488555908203125000e+01
-4.493054962158203125e+01
-4.479057693481445312e+01
-4.486852645874023438e+01
-4.493099594116210938e+01
-4.493365859985351562e+01
-4.497716903686523438e+01
-4.489333343505859375e+01
-4.496617507934570312e+01
-4.488080215454101562e+01
-4.498401260375976562e+01
-4.497172927856445312e+01
-4.477834701538085938e+01
-4.496105575561523438e+01
-4.499854660034179688e+01
-4.479879379272460938e+01
-4.478490447998046875e+01
-4.491761779785156250e+01
-4.484404373168945312e+01
-4.489212036132812500e+01
-4.498776245117187500e+01
-4.504252243041992188e+01
-4.482886123657226562e+01
-4.489264678955078125e+01
-4.416560745239257812e+01
-4.446823501586914062e+01
-4.494792938232421875e+01
-4.498681259155273438e+01
-4.444539642333984375e+01
-4.554326248168945312e+01
-4.491915893554687500e+01
-4.483362579345703125e+01
-4.438812637329101562e+01
-4.492712783813476562e+01
-4.481973266601562500e+01
-4.483321380615234375e+01
-4.489741516113281250e+01
-4.487190628051757812e+01
-4.360507202148437500e+01
-4.490010833740234375e+01
-4.493328857421875000e+01
-4.481421661376953125e+01
-4.432841110229492188e+01
-4.488462448120117188e+01
-4.480345916748046875e+01
-4.477096557617187500e+01
-4.363960647583007812e+01
-4.309108352661132812e+01
-4.472087860107421875e+01
-4.296780395507812500e+01
-4.334255981445312500e+01
-4.187600326538085938e+01
-4.471748733520507812e+01
-4.475293731689453125e+01
-4.370060729980468750e+01
-4.388417816162109375e+01
-4.617056655883789062e+01
-4.245907592773437500e+01
-4.466673278808593750e+01
-4.491174697875976562e+01
-4.455233764648437500e+01
-4.458848953247070312e+01
-4.398201370239257812e+01
-4.420769119262695312e+01
-4.219880294799804688e+01
-4.362521362304687500e+01
-4.153075790405273438e+01
-4.160956954956054688e+01
-4.153075408935546875e+01
-4.134137344360351562e+01
-4.256248855590820312e+01
-4.487055206298828125e+01
-4.269820785522460938e+01
-4.095668029785156250e+01
-4.323482131958007812e+01
-3.918849563598632812e+01
-3.546050643920898438e+01
-4.240706634521484375e+01
-4.249977111816406250e+01
-3.996224212646484375e+01
-3.207848358154296875e+01
-3.860848999023437500e+01
-4.084960937500000000e+01
-3.764849853515625000e+01
-4.047817230224609375e+01
-3.613290786743164062e+01
-3.831707000732421875e+01
-3.094689750671386719e+01
-3.777649688720703125e+01
-4.118435668945312500e+01
-2.651127243041992188e+01
-3.593263244628906250e+01
-2.625329399108886719e+01
-2.142990112304687500e+01
-1.749501228332519531e+01
-2.116320419311523438e+01
-3.159099960327148438e+01
-3.361749649047851562e+01
-2.788379096984863281e+01
-2.694298934936523438e+01
-2.191123199462890625e+01
-2.403007316589355469e+01
-4.055160522460937500e+01
-2.121396255493164062e+01
-1.609375762939453125e+01
-2.502882957458496094e+01
-2.489360618591308594e+01
-1.850660514831542969e+01
-1.724820518493652344e+01
-2.654083824157714844e+01
-2.079939842224121094e+01
-2.490530395507812500e+01
-1.979670906066894531e+01
-1.721527290344238281e+01
-2.164907455444335938e+01
-1.566515159606933594e+01
-1.525727176666259766e+01
-1.730854988098144531e+01
-1.485417079925537109e+01
-1.670276069641113281e+01
-1.720905113220214844e+01
-1.635331344604492188e+01
-1.514800167083740234e+01
-1.515120315551757812e+01
-1.616164970397949219e+01
-1.331305980682373047e+01
-1.355542278289794922e+01
-1.391105079650878906e+01
-1.447086143493652344e+01
-1.306261253356933594e+01
-1.456060791015625000e+01
-1.257678508758544922e+01
-1.370471382141113281e+01
-1.328433227539062500e+01
-1.312911796569824219e+01
-1.515847969055175781e+01
-1.554856014251708984e+01
-1.375214290618896484e+01
-1.463653469085693359e+01
-1.189889526367187500e+01
-1.364194679260253906e+01
-1.316365146636962891e+01
-1.234102058410644531e+01
-1.198723125457763672e+01
-1.305032539367675781e+01
-1.231223869323730469e+01
-1.212846374511718750e+01
-1.315803813934326172e+01
-1.225626468658447266e+01
-1.208622074127197266e+01
-1.151430320739746094e+01
-1.214073085784912109e+01
-1.291245365142822266e+01
-1.255884265899658203e+01
-1.248051738739013672e+01
-1.214987468719482422e+01
-1.192550849914550781e+01
-1.292461872100830078e+01
-1.218208312988281250e+01
-1.236576843261718750e+01
-1.220604324340820312e+01
-1.182426738739013672e+01
-1.185446834564208984e+01
-1.205766391754150391e+01
-1.189850807189941406e+01
-1.181785011291503906e+01
-1.224886131286621094e+01
-1.146334457397460938e+01
-1.230604076385498047e+01
-1.166815376281738281e+01
-1.171241569519042969e+01
-1.112384986877441406e+01
-1.172653675079345703e+01
-1.159412288665771484e+01
-1.170944404602050781e+01
-1.095145225524902344e+01
-1.167236995697021484e+01
-1.172075557708740234e+01
-1.106268024444580078e+01
-1.090538024902343750e+01
-1.103834915161132812e+01
-1.109431076049804688e+01
-1.109131526947021484e+01
-1.118596744537353516e+01
-1.110488414764404297e+01
-1.070791339874267578e+01
-1.112826347351074219e+01
-1.156563091278076172e+01
-1.191326522827148438e+01
-1.144121170043945312e+01
-1.056038284301757812e+01
-1.121232891082763672e+01
-1.093780231475830078e+01
-1.074332046508789062e+01
-1.121756744384765625e+01
-1.048050689697265625e+01
-1.082527351379394531e+01
-1.100634002685546875e+01
-1.115483093261718750e+01
-1.059595584869384766e+01
-1.106169319152832031e+01
-1.092629909515380859e+01
-1.031689357757568359e+01
-1.108312034606933594e+01
-1.073580837249755859e+01
-1.073629665374755859e+01
-1.059149837493896484e+01
-1.081632232666015625e+01
-1.070691680908203125e+01
-1.044549274444580078e+01
-1.079753589630126953e+01
-1.023701190948486328e+01
-1.061059951782226562e+01
-1.086815261840820312e+01
-1.039695549011230469e+01
-1.055847930908203125e+01
-1.096687126159667969e+01
-1.086444568634033203e+01
-1.028128719329833984e+01
-1.070945930480957031e+01
-1.028717327117919922e+01
-1.108983993530273438e+01
-1.035307407379150391e+01
-1.060852718353271484e+01
-1.065601158142089844e+01
-1.072030353546142578e+01
-1.061035823822021484e+01
-1.070564746856689453e+01
-1.033821296691894531e+01
-1.053214645385742188e+01
-1.069828510284423828e+01
-1.064610099792480469e+01
-1.051628112792968750e+01
-1.072723388671875000e+01
-1.005110168457031250e+01
-1.062733554840087891e+01
-1.043421077728271484e+01
-1.030073165893554688e+01
-1.055417919158935547e+01
-1.029460906982421875e+01
-1.017472267150878906e+01
-1.036960315704345703e+01
-1.034038162231445312e+01
-1.054545688629150391e+01
-1.068400573730468750e+01
-1.036181163787841797e+01
-1.051561641693115234e+01
-1.062883663177490234e+01
-1.057837867736816406e+01
-1.045572853088378906e+01
-1.061947059631347656e+01
-1.062323379516601562e+01
-1.041454792022705078e+01
-1.078872489929199219e+01
-1.077255153656005859e+01
-1.059590911865234375e+01
-1.050762367248535156e+01
-1.085615348815917969e+01
-1.070897674560546875e+01
-1.040010070800781250e+01
-1.040924453735351562e+01
-1.044864559173583984e+01
-1.079335308074951172e+01
-1.028444957733154297e+01
-1.040496158599853516e+01
-1.060628414154052734e+01
-1.053434371948242188e+01
-1.034464550018310547e+01
-1.052722072601318359e+01
-1.049555492401123047e+01
-1.080685997009277344e+01
-1.035778236389160156e+01
-1.092297077178955078e+01
-1.066763305664062500e+01
-1.091879272460937500e+01
-1.083734607696533203e+01
-1.113131904602050781e+01
-1.061043357849121094e+01
-1.084029006958007812e+01
-1.054336261749267578e+01
-1.062931728363037109e+01
-1.079847431182861328e+01
-1.088386344909667969e+01
-1.042231750488281250e+01
-1.061032962799072266e+01
-1.086068058013916016e+01
-1.074695587158203125e+01
-1.122323608398437500e+01
-1.070484352111816406e+01
-1.108233070373535156e+01
-1.098011970520019531e+01
-1.099093818664550781e+01
-1.098973751068115234e+01
-1.050704097747802734e+01
-1.117899131774902344e+01
-1.115669250488281250e+01
-1.114018154144287109e+01
-1.090017414093017578e+01
-1.141808319091796875e+01
-1.151520729064941406e+01
-1.180675220489501953e+01
-1.118705558776855469e+01
-1.112621879577636719e+01
-1.145577430725097656e+01
-1.170293617248535156e+01
-1.123367977142333984e+01
-1.123514938354492188e+01
-1.100874614715576172e+01
-1.186938476562500000e+01
-1.124690818786621094e+01
-1.195139122009277344e+01
-1.162461185455322266e+01
-1.169462013244628906e+01
-1.200186634063720703e+01
-1.157703018188476562e+01
-1.200146007537841797e+01
-1.167439365386962891e+01
-1.191484260559082031e+01
-1.163417339324951172e+01
-1.160359954833984375e+01
-1.195941734313964844e+01
-1.205346202850341797e+01
-1.229027366638183594e+01
-1.211542606353759766e+01
-1.224176216125488281e+01
-1.230464458465576172e+01
-1.207166576385498047e+01
-1.250950622558593750e+01
-1.167949485778808594e+01
-1.195733737945556641e+01
-1.155113029479980469e+01
-1.134396362304687500e+01
-1.237887191772460938e+01
-1.286936473846435547e+01
-1.229991436004638672e+01
-1.269946670532226562e+01
-1.269847869873046875e+01
-1.231672477722167969e+01
-1.283504581451416016e+01
-1.207862186431884766e+01
-1.257706737518310547e+01
-1.220604419708251953e+01
-1.226248359680175781e+01
-1.258478355407714844e+01
-1.273594379425048828e+01
-1.375278568267822266e+01
-1.397435474395751953e+01
-1.245001697540283203e+01
-1.237382030487060547e+01
-1.375365161895751953e+01
-1.266811752319335938e+01
-1.438258934020996094e+01
-1.557841491699218750e+01
-1.506117820739746094e+01
-1.278607177734375000e+01
-1.351293849945068359e+01
-1.493465042114257812e+01
-1.626943588256835938e+01
-1.666354942321777344e+01
-1.362375545501708984e+01
-1.370650386810302734e+01
-1.352238845825195312e+01
-2.119866561889648438e+01
-1.490097713470458984e+01
-1.928014564514160156e+01
-1.734366607666015625e+01
-1.882354927062988281e+01
-1.969300842285156250e+01
-2.263836669921875000e+01
-2.185949516296386719e+01
-1.503518009185791016e+01
-2.049167442321777344e+01
-3.048962211608886719e+01
-2.060018730163574219e+01
-2.625156974792480469e+01
-2.636796569824218750e+01
-2.406695365905761719e+01
-2.456604576110839844e+01
-1.879549789428710938e+01
-3.069143486022949219e+01
-2.036390876770019531e+01
-2.738358116149902344e+01
-2.914576911926269531e+01
-3.788676071166992188e+01
-3.385291671752929688e+01
-2.478672218322753906e+01
-2.111791038513183594e+01
-3.230786895751953125e+01
-3.390211105346679688e+01
-3.471868133544921875e+01
-4.318597030639648438e+01
-3.155477333068847656e+01
-4.248213577270507812e+01
-3.227571487426757812e+01
-4.405741882324218750e+01
-3.566803741455078125e+01
-4.361728286743164062e+01
-3.451773071289062500e+01
-4.233249282836914062e+01
-3.996576309204101562e+01
-4.548640441894531250e+01
-4.020579910278320312e+01
-4.413815307617187500e+01
-4.261481094360351562e+01
-3.408419799804687500e+01
-4.294116592407226562e+01
-4.368473052978515625e+01
-4.486851501464843750e+01
-4.261775588989257812e+01
-4.327699279785156250e+01
-4.451807403564453125e+01
-4.459949874877929688e+01
-4.368701553344726562e+01
-4.477720260620117188e+01
-4.361999893188476562e+01
-4.452735137939453125e+01
-4.353828430175781250e+01
-4.332330322265625000e+01
-4.332599639892578125e+01
-4.463388061523437500e+01
-4.435828781127929688e+01
-4.495560455322265625e+01
-4.475949478149414062e+01
-4.491473007202148438e+01
-4.305361938476562500e+01
-4.500923156738281250e+01
-4.495060729980468750e+01
-4.497623825073242188e+01
-4.484919738769531250e+01
-4.487697219848632812e+01
-4.480904388427734375e+01
-4.477825546264648438e+01
-4.461832809448242188e+01
-4.483758926391601562e+01
-4.486425781250000000e+01
-4.488341522216796875e+01
-4.445359802246093750e+01
-4.502123260498046875e+01
-4.434346389770507812e+01
-4.496855926513671875e+01
-4.500313949584960938e+01
-4.484120559692382812e+01
-4.485340499877929688e+01
-4.337323760986328125e+01
-4.492490386962890625e+01
-4.498393630981445312e+01
-4.490556335449218750e+01
-4.484541702270507812e+01
-4.479322814941406250e+01
-4.486620712280273438e+01
-4.437043380737304688e+01
-4.485772705078125000e+01
-4.493550109863281250e+01
-4.489086151123046875e+01
-4.484151077270507812e+01
-4.487055206298828125e+01
-4.486031341552734375e+01
-4.491041564941406250e+01
-4.485612869262695312e+01
-4.488102340698242188e+01
-4.503376007080078125e+01
-4.484952545166015625e+01
-4.496413421630859375e+01
-4.490323257446289062e+01
-4.485776519775390625e+01
-4.493226242065429688e+01
-4.479588317871093750e+01
-4.490813064575195312e+01
-4.498228073120117188e+01
-4.480441665649414062e+01
-4.490058517456054688e+01
-4.497812652587890625e+01
-4.497455215454101562e+01
-4.492541503906250000e+01
-4.476265716552734375e+01
-4.482712173461914062e+01
-4.499504470825195312e+01
-4.497931671142578125e+01
-4.474587631225585938e+01
-4.491739654541015625e+01
-4.486997985839843750e+01
-4.488230514526367188e+01
-4.476502609252929688e+01
-4.472893142700195312e+01
-4.483451080322265625e+01
-4.490536880493164062e+01
-4.479955673217773438e+01
-4.502284240722656250e+01
-4.495489883422851562e+01
-4.501634979248046875e+01
-4.492536163330078125e+01
-4.484178924560546875e+01
-4.489831542968750000e+01
-4.491637420654296875e+01
-4.488683700561523438e+01
-4.483890151977539062e+01
-4.487399673461914062e+01
-4.471619796752929688e+01
-4.494022750854492188e+01
-4.488198089599609375e+01
-4.494452285766601562e+01
-4.498731994628906250e+01
-4.485614776611328125e+01
-4.488506317138671875e+01
-4.502330780029296875e+01
-4.481077194213867188e+01
-4.479501724243164062e+01
-4.486764144897460938e+01
-4.495310211181640625e+01
-4.494720458984375000e+01
-4.491595840454101562e+01
-4.484324264526367188e+01
-4.465700531005859375e+01
-4.504719924926757812e+01
-4.477762985229492188e+01
-4.490066146850585938e+01
-4.495705032348632812e+01
-4.490488433837890625e+01
-4.477560424804687500e+01
-4.484865188598632812e+01
-4.487250900268554688e+01
-4.498189926147460938e+01
-4.498969650268554688e+01
-4.498051071166992188e+01
-4.495054626464843750e+01
-4.487551116943359375e+01
-4.487836837768554688e+01
-4.483504867553710938e+01
-4.491642761230468750e+01
-4.472426223754882812e+01
-4.493434524536132812e+01
-4.506563949584960938e+01
-4.495186233520507812e+01
-4.488236999511718750e+01
-4.496276092529296875e+01
-4.487722778320312500e+01
-4.488038635253906250e+01
-4.483090591430664062e+01
-4.493714523315429688e+01
-4.488199996948242188e+01
-4.483103942871093750e+01
-4.480298614501953125e+01
-4.497679901123046875e+01
-4.495538330078125000e+01
-4.487269210815429688e+01
-4.485229110717773438e+01
-4.493137741088867188e+01
-4.490285873413085938e+01
-4.484474563598632812e+01
-4.489036560058593750e+01
-4.502593612670898438e+01
-4.493262863159179688e+01
-4.490584182739257812e+01
-4.480592727661132812e+01
-4.492853927612304688e+01
-4.491525268554687500e+01
-4.499940872192382812e+01
-4.484664916992187500e+01
-4.496015930175781250e+01
-4.494146347045898438e+01
-4.482293701171875000e+01
-4.492996597290039062e+01
-4.485293960571289062e+01
-4.496133422851562500e+01
-4.491880798339843750e+01
-4.499626541137695312e+01
-4.491040039062500000e+01
-4.511524200439453125e+01
-4.501503753662109375e+01
-4.489557266235351562e+01
-4.479240417480468750e+01
-4.492454147338867188e+01
-4.505239486694335938e+01
-4.483108901977539062e+01
-4.487276077270507812e+01
-4.496146774291992188e+01
-4.508467864990234375e+01
-4.488337326049804688e+01
-4.481721496582031250e+01
-4.492599868774414062e+01
-4.488582611083984375e+01
-4.488406753540039062e+01
-4.493494033813476562e+01
-4.491831970214843750e+01
-4.483400726318359375e+01
-4.483067321777343750e+01
-4.480485916137695312e+01
-4.496702575683593750e+01
-4.479691314697265625e+01
-4.487577819824218750e+01
-4.483050918579101562e+01
-4.497575759887695312e+01
-4.501599121093750000e+01
-4.492853546142578125e+01
-4.470924377441406250e+01
-4.495702362060546875e+01
-4.484730911254882812e+01
-4.483540725708007812e+01
-4.489978408813476562e+01
-4.488440704345703125e+01
-4.485546112060546875e+01
-4.485334777832031250e+01
-4.500352478027343750e+01
-4.490447616577148438e+01
-4.487575149536132812e+01
-4.502746582031250000e+01
-4.478573608398437500e+01
-4.496697235107421875e+01
-4.488414001464843750e+01
-4.498626327514648438e+01
-4.487191772460937500e+01
-4.479541015625000000e+01
-4.484624862670898438e+01
-4.489713668823242188e+01
-4.497663497924804688e+01
-4.483948135375976562e+01
-4.488565444946289062e+01
-4.496247482299804688e+01
-4.498882293701171875e+01
-4.485146713256835938e+01
-4.490933990478515625e+01
-4.495829391479492188e+01
-4.490855026245117188e+01
-4.494074630737304688e+01
-4.488210296630859375e+01
-4.494041061401367188e+01
-4.480918502807617188e+01
-4.482186508178710938e+01
-4.482009887695312500e+01
-4.477319717407226562e+01
-4.484038543701171875e+01
-4.486392211914062500e+01
-4.486407470703125000e+01
-4.497940444946289062e+01
-4.504139709472656250e+01
-4.509628677368164062e+01
-4.494483184814453125e+01
-4.488352966308593750e+01
-4.489229583740234375e+01
-4.498466491699218750e+01
-4.482349014282226562e+01
-4.488221740722656250e+01
-4.486663055419921875e+01
-4.476984024047851562e+01
-4.485531997680664062e+01
-4.495004272460937500e+01
-4.483239364624023438e+01
-4.487612152099609375e+01
-4.486809921264648438e+01
-4.488677597045898438e+01
-4.494885253906250000e+01
-4.491120910644531250e+01
-4.486392593383789062e+01
-4.499105453491210938e+01
-4.485031127929687500e+01
-4.478829193115234375e+01
-4.483105850219726562e+01
-4.495746994018554688e+01
-4.473649978637695312e+01
-4.477809906005859375e+01
-4.471306991577148438e+01
-4.507649993896484375e+01
-4.479812240600585938e+01
-4.481641006469726562e+01
-4.475492858886718750e+01
-4.495696258544921875e+01
-4.487599563598632812e+01
-4.480198669433593750e+01
-4.480214309692382812e+01
-4.483277511596679688e+01
-4.488705444335937500e+01
