454.46823734
452.510373712
452.183738232
451.855849713
451.53220135
451.211640179
450.893191159
450.582704395
450.265100449
449.959690362
449.65248704
449.348938882
449.045781344
448.741768569
448.445948273
448.146537423
447.850119889
447.558235824
447.263088852
446.973130465
446.682504058
446.395665169
446.107842743
445.825784296
445.541227549
445.259050667
444.975686342
444.700585246
444.422267437
444.148121715
443.869689196
443.595691413
443.328702211
443.050915688
442.783795685
442.515926629
442.24563548
441.981701821
441.714674562
441.446756542
441.183455676
440.92291981
440.661038488
440.401934683
440.145002961
439.885238707
439.628416121
439.375756145
439.119101077
438.867973745
438.61117363
438.361239731
438.112618238
437.86141023
437.614064872
437.364979029
437.119116962
436.870750904
436.626838177
436.382449716
436.142440856
435.90078029
435.660075217
435.417794764
435.178768694
434.941622972
434.703952491
434.467656761
434.234752238
433.997619987
433.762518167
433.529159725
433.296643347
433.063775808
432.834016412
432.604352325
432.373336375
432.146087915
431.915981859
431.689285755
