2693.67169309
2626.55902231
2607.47383368
2592.6196934
2580.10497761
2569.07212448
2559.09876096
2549.90357685
2541.34251189
2533.29071939
2525.65983224
2518.39476633
2511.44695139
2504.78931689
2498.37675977
2492.18952787
2486.22128081
2480.44987369
2474.85810173
2469.42855668
2464.16338623
2459.05503392
2454.07846272
2449.24503672
2444.53605819
2439.9509927
2435.4840281
2431.12892318
2426.88050568
2422.74111879
2418.69049191
2414.74025762
2410.88438702
2407.11211455
2403.42988408
2399.82392824
2396.3013289
2392.85874104
2389.48705912
2386.19507039
2382.96055257
2379.79472709
2376.6989404
2373.66833031
2370.69106007
2367.77501249
2364.92028439
2362.11803591
2359.37381673
2356.6762538
2354.03573751
2351.44434476
2348.89823198
2346.40328562
2343.94846582
2341.5431807
2339.17511714
2336.85353982
2334.56904471
2332.32878077
2330.12289047
2327.95722687
2325.82447863
2323.73521602
2321.67226434
2319.64275718
2317.65184724
2315.68424833
2313.76322043
2311.85687482
2309.99350953
2308.1456095
2306.33592725
2304.55343926
2302.78832304
2301.06506884
2299.35939026
2297.67406237
2296.01414227
2294.3834964
