421.961213827
421.625190645
421.358745545
421.096897691
420.832521468
420.569165587
420.310159117
420.047819465
419.789330333
419.533203423
419.27725032
419.020298123
418.765324354
418.510915339
418.257349938
418.005224526
417.754000306
417.503130823
417.252093136
417.002970874
416.753462017
416.505803347
416.258698016
416.01201871
415.766452551
415.522597581
415.277960926
415.034914464
414.792978138
414.552138835
414.311381221
414.071906507
413.833503455
413.594745696
413.357761323
413.12153551
412.885737509
412.650702566
412.416314662
412.182681859
411.949516714
411.716858119
411.485785842
411.254547775
411.024519652
410.795050472
410.565782934
410.337807745
410.109450281
409.88267535
409.656134933
409.430069417
409.203976721
408.979415685
408.755491048
408.531515121
408.308405399
408.086379558
407.86399737
407.642938167
407.422938228
407.203255594
406.983902425
406.764647186
406.546517789
406.329279035
406.112711519
405.896118075
405.680027872
405.464836359
405.250362992
405.035788149
404.822179377
404.608981282
404.395588875
404.1831007
403.97200489
403.760320008
403.549405307
403.339156806
