21146.0995216
20818.6390724
20722.3762579
20622.5648956
20538.14254
20419.7178125
20337.6971798
20252.4563379
20170.6156015
20106.1456633
20045.054306
19988.1431122
19934.8967285
19884.6299849
19837.0454121
19791.9551964
19749.1205578
19708.4162788
19669.6470699
19632.6852493
19597.3876762
19563.6339045
19531.2656965
19500.1588745
19470.2543831
19441.4279528
19413.5627804
19386.5597191
19360.3736343
19334.8706207
19310.0313177
19285.7525578
19261.9521494
19238.5795412
19215.615634
19192.9334621
19170.5362682
19148.3957186
19126.4645596
19104.7165899
19083.1530161
19061.7646542
19040.5407753
19019.4548492
18998.492547
18977.6117468
18956.8182716
18936.0109768
18915.1287289
18894.0898123
18872.8116808
18851.1784925
18829.0356331
18806.2535772
18782.6571903
18758.0376472
18732.2204542
18704.9266148
18675.9147606
18644.9313736
18611.7133236
18576.0574913
18537.7951708
18496.7554293
18452.7805901
18405.5906839
18354.847374
18300.2335405
18241.7642832
18180.0184984
18115.8735619
18050.9489145
17986.1998711
17922.3570127
17859.6161671
17798.1287518
17738.0518055
17679.5916271
17622.9907236
17568.5363274
