870.599060833
862.695658118
858.66760993
854.136761963
851.903606653
849.471265793
847.540758193
845.279245913
842.803855479
839.795564264
839.589293659
837.573360711
835.60361293
833.649677277
831.716747701
829.804860055
827.911064178
826.041143
824.195085496
822.35275051
820.510962546
818.669377893
816.780165911
814.900129169
813.160967767
812.309198797
810.577189535
809.219867945
807.64346543
806.052402288
804.456080973
802.878471971
801.33178097
799.952192545
797.116826296
796.738213897
794.972187996
791.581771731
785.484427154
785.971122563
784.749616295
783.575619966
782.378896564
781.190874815
780.048851699
778.919201434
777.806487709
776.704312801
775.60342294
774.518989921
773.440812528
772.366482735
771.310787261
770.253208756
769.213883042
768.179327756
767.148192734
766.131573856
765.126320153
764.124185652
763.133480757
762.152244568
761.177261263
760.203165144
759.251247019
758.296350032
757.352561653
756.412056625
755.481785238
754.556635588
753.632465988
752.709742278
751.7940768
750.868440211
749.932777494
748.973682523
747.991845399
746.971941262
745.875719517
744.615012079
