401.000947535
400.676560491
400.451416075
400.22487551
399.998705804
399.773989528
399.551439643
399.330490679
399.111405373
398.893706173
398.677565813
398.462951988
398.24957943
398.037726551
397.827056378
397.61783126
397.409418464
397.202647984
396.996408045
396.792041451
396.587813497
396.38423577
396.182083756
395.980246216
395.779629648
395.579623163
395.380148441
395.181828171
394.98409307
394.786344916
394.590893745
394.394438952
394.198661119
394.004211485
393.810630649
393.616451889
393.423951358
393.231316864
393.039795965
392.848930299
392.658838034
392.467977107
392.277206898
392.088188738
391.899235249
391.711742252
391.52367273
391.336327285
391.149907351
390.963584423
390.777467757
390.592527628
390.407629162
390.22283715
390.038862288
389.854737371
389.671360016
389.487249464
389.304028809
389.119911581
388.938623995
388.75872007
388.577626556
388.395675272
388.216616601
388.036389709
387.85615927
387.677350283
387.498249352
387.322096288
387.143385768
386.967004001
386.790124774
386.613632739
386.437682301
386.263869047
386.088516265
385.914176285
385.74052915
385.567304552
