1595009.97766
1547835.94434
1547183.45386
1535349.9715
1472910.34998
1357409.86798
1025111.72021
879487.672241
866102.90567
854673.571289
843247.404022
831159.930786
817963.997192
803166.720734
786087.100494
765673.844543
740153.349731
706218.677338
656871.414307
574684.948944
414395.412094
163797.942516
61644.31003
54694.2819843
52951.429081
51999.3050079
51144.7429295
50447.6108341
49859.0961285
49345.5567818
48886.0735397
48466.5793037
48077.0781651
47710.2477932
47360.4786415
47023.5111656
46695.9279881
46375.2309933
46059.735611
45748.8487167
45443.1947002
45144.3418884
44853.9397507
44573.2641563
44302.9647083
44043.2044086
43795.9424305
43567.3121185
43348.0992661
43144.7570496
42952.8903503
42765.8940411
42583.5249329
42410.4026489
42252.7624454
42098.3925457
41946.3849487
41796.6447201
41649.0541687
41503.5066109
41359.9577904
41218.3827133
41078.6985416
40940.8446522
40804.8084965
40670.5368309
40537.9701309
40407.0468178
40277.788681
40150.1105499
40024.0079327
39899.4501057
39776.4012432
39654.8499908
39534.7541809
39416.0793228
39298.8159866
39182.8657455
39068.2658234
38954.9511738
