541.621783167
538.212160379
537.287901551
536.378290892
535.482780188
534.604506701
533.735046774
532.874400318
532.004855007
531.094044179
529.941985607
529.113821059
528.298913717
527.481256872
526.671457767
525.853408605
525.039830089
524.235922396
523.452697784
522.683196723
521.936171979
520.572553068
520.216893941
519.492286175
518.77538383
518.038980186
517.304593563
516.572017044
515.837425053
515.108594477
514.375929803
513.649460375
512.920801014
512.186891764
511.442589611
510.703410864
509.900436074
509.803189546
508.421435446
507.703658074
507.389814645
506.716427982
506.271950811
505.569112509
504.904044658
504.244908422
503.593586773
502.949461043
502.31303975
501.681195736
501.054393977
500.429676294
499.811938345
499.198344916
498.588406205
497.982473195
497.381665945
496.782027751
496.189822853
495.596107513
495.007227421
494.420656681
493.828186095
493.211475074
492.387211829
491.792832375
491.583331466
491.025216252
490.248339921
489.782763958
488.67832008
488.529894859
488.118537426
487.638245344
487.129356921
486.617460847
486.106142342
485.592619926
485.081616491
484.568447202
