17696.4017887
17501.9988565
17454.2976799
17409.964592
17369.0284262
17331.4481792
17297.0738201
17265.7008629
17237.0065928
17210.6854048
17186.4038239
17163.8385782
17142.6960058
17122.734992
17103.6825256
17085.3292847
17067.4544868
17049.900651
17032.4610672
17014.9719467
16997.2183084
16978.9896526
16960.0373907
16940.0489292
16918.6058064
16895.2077303
16869.1048803
16839.2972813
16804.279767
16761.8120689
16708.3336134
16638.0100527
16540.7215395
16397.6649303
16171.5180464
15791.9370756
15172.3674994
14212.4654217
12906.0754995
11597.8893499
10816.7672482
10495.3195248
10301.922451
10139.131959
9991.98205185
9853.74780512
9719.43875837
9585.47846699
9449.42249107
9309.77431202
9165.64643621
9016.82826662
8863.75978518
8707.81458044
8551.55070448
8399.19338703
8256.20867491
8128.15104771
8019.18838167
7930.97953653
7862.52259779
7810.67909479
7771.40279388
7740.83885956
7715.90825987
7694.49535799
7675.19541502
7657.16979647
7639.93450403
7623.18636703
7606.76460743
7590.5873313
7574.60732985
7558.76990175
7543.09449482
7527.54716396
7512.14689922
7496.87382984
7481.75125408
7466.76510811
