1.31753750893
1.31425860486
1.31172915481
1.30917359787
1.30662453192
1.30409127014
1.3015648381
1.29905186582
1.29655684807
1.29407398182
1.29160341102
1.2891499796
1.28670557085
1.28427976929
1.28186315679
1.27946240653
1.27707503678
1.27469928123
1.27233984024
1.26999157501
1.26765467905
1.26532948099
1.26301835349
1.26071847978
1.2584287826
1.25615106421
1.25388986175
1.2516345999
1.24939404672
1.2471636096
1.24494415955
1.24273690561
1.24053745004
1.23834021002
1.23615722067
1.23398204098
1.23181773917
1.22997406317
1.22784145182
1.22557932499
1.22345535198
1.22128611512
1.21923015502
1.21679092385
1.21489816788
1.21315063041
1.2112096546
1.2092323745
1.20726368224
1.2052909403
1.20332079654
1.20135965178
1.19940116873
1.19744984669
1.19550182871
1.19356087281
1.1916278298
1.18970522447
1.18778531166
1.18587292021
1.18396774874
1.1820706561
1.18017739174
1.17829181877
1.17641527439
1.17454437414
1.17268255303
1.17082524922
1.16897728582
1.16712986398
1.16530108525
1.16347092521
1.16164893724
1.15984109405
1.15802815341
1.15623351128
1.15444228318
1.15265700771
1.15087907983
1.14910619523
