7.90614414657
7.69907306065
7.50186181604
7.31471414515
7.13691694359
6.96784967533
6.80693519954
6.65361191612
6.50732432201
6.36755458685
6.23393141956
6.10627462692
5.984611411
5.86822476482
5.75650810427
5.64939702582
5.54691787495
5.44900171878
5.3548643504
5.26401927054
5.17641643283
5.09194354084
5.0104747836
4.93189024518
4.85606310552
4.7828696667
4.71221877343
4.64434504323
4.57973670983
4.51518559456
4.45378455368
4.39417548815
4.33640246233
4.28045391699
4.22628202301
4.17390540172
4.12209396332
4.07227480179
4.0237780927
3.97653770959
3.93062107288
3.88597227668
3.84261016943
3.80057966907
3.7598506381
3.72053961561
3.68106324004
3.64484395646
3.60871335375
3.57352144318
3.53930693207
3.50573693431
3.47290723864
3.43984930584
3.40818012378
3.37763369468
3.347822204
3.31858492637
3.28980204643
3.26142510271
3.23534685106
3.20827486122
3.18280992378
3.15509223135
3.13006528758
3.1051261801
3.078902215
3.05530612753
3.03229070193
3.00994852051
2.98828195565
2.96629990655
2.94577212969
2.92516860785
2.90505105478
2.88555682462
2.86623920838
2.84716034407
2.82795360353
2.81098145852
