1.95394842577
1.95647237662
1.95069445297
1.94490453761
1.9391226421
1.93334182765
1.92750854872
1.92145415233
1.91636162967
1.91399349304
1.90850180265
1.90398062835
1.89988817804
1.89521904459
1.89052823835
1.88330853832
1.87959039555
1.87514818861
1.87061304264
1.86604979102
1.86147634228
1.85695182197
1.85246504497
1.84801050549
1.84362255037
1.83923244456
1.83496841212
1.83070803623
1.82655415146
1.82244545745
1.81835874566
1.8145225211
1.81000363675
1.80680374012
1.80324798994
1.79960337238
1.79588740168
1.79224407306
1.78851867258
1.78492263035
1.78128748367
1.77773143622
1.77414640773
1.77065273275
1.76715407768
1.7636945612
1.76028905346
1.75690913526
1.75357995479
1.75022111283
1.74677349313
1.74343482332
1.73994566532
1.73656553298
1.73312261677
1.72970160571
1.72605080216
1.7221439924
1.71865967783
1.71937113386
1.7215112478
1.71519586749
1.71335076756
1.71332521414
1.70296591939
1.70078371809
1.69775123819
1.69478145131
1.69170861188
1.68864628827
1.68545221773
1.68168241211
1.67729307248
1.67398058632
1.67381068468
1.67835792535
1.66880797292
1.66966025866
1.66703052132
1.66369127054
