10901.9586396
4771.65476274
4675.73759151
4674.59599495
4671.98810577
4666.45967507
4655.71271634
4636.3571012
4603.38158727
4549.3538847
4463.85662532
4333.85369992
4145.0333097
3883.35871959
3536.74842978
3102.54135752
2603.26551569
2103.71005857
1700.0237025
1433.80638421
1250.37387156
1091.79718518
932.158670753
762.97284323
587.845481336
430.244239211
343.055050939
312.210310638
285.852592953
260.678022124
236.688261159
213.90185681
192.337995715
172.018345438
152.971272174
135.235444836
118.864072073
103.928497601
90.5182731636
78.7324054819
68.6519491784
60.287218336
53.5162146101
48.0751549238
43.6398965698
39.9287083689
36.7440380212
33.9600776695
31.496861768
29.3006357225
27.3324188716
25.5618824032
23.9642084213
22.5185357085
21.2070550658
20.0143644661
18.9271153351
17.933670423
17.0238851244
16.1888799793
15.420856809
14.7129534755
14.0591106771
13.4539800023
12.8928164772
12.3714571293
11.8861772327
11.4336938115
11.0110895347
10.6157788225
10.2455384478
9.89854926593
9.57310881303
9.2675806703
8.98039083951
8.71004299878
8.45514489466
8.21443115477
7.98680136446
7.77124568494
