2.83140993846
2.8179915896
2.79856062605
2.77961424872
2.76116810052
2.74319234578
2.72559196549
2.7083448646
2.69149904873
2.67520207359
2.66134609637
2.64453197073
2.62960964086
2.61545628391
2.59985892539
2.58484232338
2.5711569541
2.55740327988
2.54373955657
2.53017267474
2.516773312
2.50359583931
2.49092647224
2.47955278325
2.46869435313
2.45649238513
2.4442165205
2.43202198151
2.4200409957
2.40826598683
2.39667968327
2.3853272305
2.37414256955
2.36315343692
2.35230572929
2.34166075379
2.33116370093
2.32087748681
2.31073754514
2.30072085539
2.29078893503
2.28100872165
2.27137993922
2.26186245086
2.2524888927
2.24327026922
2.23420186396
2.2252922678
2.21654083536
2.20791351417
2.19919637169
2.19392765992
2.18521040666
2.17797767557
2.16815842839
2.1607842161
2.15328592906
2.14568056318
2.13801536322
2.13011135612
2.12160908891
2.11546330323
2.11180323205
2.10280277583
2.09552054817
2.0881578917
2.080945619
2.07390908967
2.06711393272
2.06045970329
2.05391759332
2.04815270737
2.04104685906
2.03588346552
2.0287586099
2.02252043888
2.01636757125
2.01031458305
2.00424319817
1.99825049099
