1.093001812696456909e-01
-7.913839071989059448e-02
-1.606508791446685791e-01
-4.748434573411941528e-02
-1.499662548303604126e-01
-2.685070335865020752e-01
-1.247394606471061707e-01
-1.233934611082077026e-01
-3.897950053215026855e-02
-4.959989488124847412e-01
-5.288670659065246582e-01
-3.577175438404083252e-01
-2.778253257274627686e-01
-1.614570617675781250e-01
-2.509104907512664795e-01
-5.482955574989318848e-01
-2.469579577445983887e-01
-3.733300268650054932e-01
-2.303933948278427124e-01
-2.573459967970848083e-02
-8.828125149011611938e-02
-3.562097549438476562e-01
-2.452967613935470581e-01
-3.716285228729248047e-01
-5.979451537132263184e-01
-4.147336184978485107e-01
-2.092321813106536865e-01
-4.251568615436553955e-01
-2.372957915067672729e-01
1.113512143492698669e-01
-4.907240867614746094e-01
-3.369032144546508789e-01
-4.817798435688018799e-01
-4.046095907688140869e-01
-4.048699140548706055e-01
-1.958839446306228638e-01
-7.114893198013305664e-01
-2.473369799554347992e-02
-3.457468003034591675e-02
-1.873096078634262085e-01
-6.128188371658325195e-01
-3.385779261589050293e-01
-4.468394517898559570e-01
-6.349678337574005127e-02
-2.854164242744445801e-01
-4.498851597309112549e-01
-7.053707242012023926e-01
-4.947845637798309326e-01
-4.767330586910247803e-01
-6.025673151016235352e-01
