-2.880150079727172852e-01
-2.972415387630462646e-01
-3.509034961462020874e-02
-3.434292674064636230e-01
-1.092412248253822327e-01
-3.894095122814178467e-01
-1.322609931230545044e-01
-2.468791455030441284e-01
-1.508184522390365601e-01
-1.004187539219856262e-01
-6.698564440011978149e-02
-4.005245566368103027e-01
-3.486081957817077637e-02
-3.339950144290924072e-01
-3.366707265377044678e-01
-9.984476119279861450e-02
-1.915806680917739868e-01
-4.100777506828308105e-01
-1.883517205715179443e-01
-6.952436566352844238e-01
-3.930905461311340332e-01
-2.062848657369613647e-01
-3.687276840209960938e-01
-4.089943766593933105e-01
-6.779277920722961426e-01
-3.723775595426559448e-02
-3.578985333442687988e-01
-3.306199908256530762e-01
-2.303738743066787720e-01
-4.590373635292053223e-01
-3.672454953193664551e-01
-1.422321200370788574e-01
-2.078483700752258301e-01
-3.658364117145538330e-01
-3.072111010551452637e-01
-2.820462882518768311e-01
-1.987392157316207886e-01
-1.273738443851470947e-01
-2.112929821014404297e-01
-2.319752722978591919e-01
3.599305171519517899e-03
-5.029392838478088379e-01
-2.725264132022857666e-01
-2.799173817038536072e-02
-3.096359372138977051e-01
-2.095677703619003296e-01
-3.063317239284515381e-01
-4.205291271209716797e-01
-1.669459491968154907e-01
-3.380847573280334473e-01
