-8.745843172073364258e-02
-3.264430910348892212e-02
-9.820135831832885742e-01
-5.119035243988037109e-01
-7.283735871315002441e-01
-7.699955105781555176e-01
-2.866963744163513184e-01
-2.060756534337997437e-01
-1.200452923774719238e+00
-4.423302598297595978e-03
-2.445982992649078369e-01
-2.075003683567047119e-01
-7.592928409576416016e-01
-1.205529093742370605e+00
1.975248567759990692e-02
-4.699499160051345825e-02
-4.894766211509704590e-01
-5.437787175178527832e-01
-3.392958045005798340e-01
-4.462995827198028564e-01
-6.671652942895889282e-02
8.059688843786716461e-03
-1.228045150637626648e-01
1.795940399169921875e+00
-1.035860419273376465e+00
-1.443346217274665833e-02
4.876300811767578125e+00
-5.395497679710388184e-01
7.336907982826232910e-01
-7.939887046813964844e-01
-2.368428744375705719e-02
7.925588488578796387e-01
1.834323406219482422e-01
-3.322377502918243408e-01
-1.327443957328796387e+00
-3.803961873054504395e-01
-8.997858166694641113e-01
-4.390282928943634033e-02
-8.544377088546752930e-01
7.489161193370819092e-02
-3.007126972079277039e-03
-4.329229891300201416e-02
3.045400083065032959e-01
-1.384539008140563965e-01
-3.809279575943946838e-02
-3.410769104957580566e-01
-1.376550197601318359e+00
3.027626872062683105e-01
-2.759535610675811768e-02
-1.007146477699279785e+00
