2.578049898147583008e-03
-9.870589375495910645e-01
-1.499077305197715759e-02
-3.891067206859588623e-01
1.677080430090427399e-02
-1.037943720817565918e+00
-9.859483838081359863e-01
-1.665536500513553619e-02
-8.432615995407104492e-01
-3.993497788906097412e-02
-1.951840668916702271e-01
-2.710132487118244171e-02
-6.376587320119142532e-03
-2.065792866051197052e-02
-6.989747751504182816e-03
3.214861825108528137e-02
-2.417987212538719177e-02
9.854929447174072266e-01
-9.994007349014282227e-01
-3.939351066946983337e-02
-3.591771423816680908e-01
6.108130328357219696e-03
-7.780691385269165039e-01
-3.671328425407409668e-01
-2.464022673666477203e-02
-9.757315516471862793e-01
-1.617785930633544922e+00
-9.967818260192871094e-01
-9.735628366470336914e-01
-8.132752031087875366e-03
-2.743572182953357697e-02
2.641910687088966370e-04
-5.479354411363601685e-03
-9.989180564880371094e-01
-1.550752203911542892e-02
-9.680315256118774414e-01
2.022259868681430817e-02
2.051510848104953766e-02
-9.602518081665039062e-01
-1.027443051338195801e+00
2.160882949829101562e+00
-4.455599188804626465e-02
-5.415072441101074219e-01
-8.053618073463439941e-01
-2.017478644847869873e-01
-9.956913590431213379e-01
-2.951540052890777588e-02
8.997281789779663086e-01
8.185429498553276062e-03
-7.079537957906723022e-03
