-7.506344318389892578e+00
-7.490212917327880859e+00
-5.473007678985595703e+00
-4.614290714263916016e+00
-4.232299327850341797e+00
-4.410872936248779297e+00
-3.801633358001708984e+00
-4.230695247650146484e+00
-3.394590616226196289e+00
-3.562573909759521484e+00
-4.208980083465576172e+00
-3.426669597625732422e+00
-2.727146863937377930e+00
-2.506371259689331055e+00
-2.163996696472167969e+00
-2.795523405075073242e+00
-2.350507974624633789e+00
-2.052097320556640625e+00
-1.983691096305847168e+00
-2.435355424880981445e+00
-2.530913114547729492e+00
-3.043742656707763672e+00
-2.975491762161254883e+00
-3.159018516540527344e+00
-3.171415328979492188e+00
-3.486859083175659180e+00
-3.726905107498168945e+00
-3.590981006622314453e+00
-3.407820701599121094e+00
-3.631703853607177734e+00
-3.653709411621093750e+00
-3.432384967803955078e+00
-2.802427530288696289e+00
-2.708204030990600586e+00
-3.212839126586914062e+00
-2.844570159912109375e+00
-2.551962614059448242e+00
-2.567535400390625000e+00
-2.213345527648925781e+00
-2.570869684219360352e+00
-2.420840263366699219e+00
-2.181831598281860352e+00
-2.035013437271118164e+00
-2.231003284454345703e+00
-2.414101600646972656e+00
-2.204528093338012695e+00
-2.080929040908813477e+00
-1.625449180603027344e+00
-1.810390472412109375e+00
-1.708315849304199219e+00
-1.472221493721008301e+00
-1.236681222915649414e+00
-2.369191408157348633e+00
-2.431264400482177734e+00
-3.509440898895263672e+00
-4.860824108123779297e+00
-4.602597713470458984e+00
-5.149931430816650391e+00
-5.205700874328613281e+00
-5.685931205749511719e+00
-5.909780502319335938e+00
-6.147455215454101562e+00
-6.233417510986328125e+00
-6.019108295440673828e+00
-6.025417804718017578e+00
-5.610461711883544922e+00
-5.757811069488525391e+00
-6.399394035339355469e+00
-7.015241146087646484e+00
-7.397535324096679688e+00
-8.768881797790527344e+00
-9.837441444396972656e+00
-1.137080669403076172e+01
-1.236533164978027344e+01
-1.357534313201904297e+01
-1.426611232757568359e+01
-1.502414512634277344e+01
-1.615817451477050781e+01
-1.640398025512695312e+01
-1.649284934997558594e+01
-1.704201507568359375e+01
-1.702941513061523438e+01
-1.670345306396484375e+01
-1.679481315612792969e+01
-1.711362838745117188e+01
-1.669854736328125000e+01
-1.691466331481933594e+01
-1.718483543395996094e+01
-1.711283493041992188e+01
-1.707941055297851562e+01
-1.719200515747070312e+01
-1.764890861511230469e+01
-1.784392166137695312e+01
-1.735201263427734375e+01
-1.764706420898437500e+01
-1.760173988342285156e+01
-1.766551399230957031e+01
-1.743865966796875000e+01
-1.778923988342285156e+01
-1.800561141967773438e+01
