3080.01436687
2126.72372603
1534.11034346
1341.44085026
1264.92070889
1216.03916645
1183.08034003
1165.29174292
1150.47790647
1139.6056335
1130.57015729
1122.55160177
1118.91402841
1117.66661978
1109.25424993
1109.53662384
1106.56322801
1106.41864419
1107.02718091
1102.37274921
1099.41845036
1095.83666611
1098.2439853
1094.14325726
1096.53607726
1095.88226664
1095.39517844
1092.41064441
1091.47349739
1093.70981526
1091.36580372
1095.57034349
1094.59543419
1090.15393639
1089.29970598
1090.27459776
1091.51002884
1088.50715744
1088.63199198
1085.5492444
1088.94944263
1090.83469808
1089.13064539
1083.56401646
1085.38840234
1082.74681282
1082.77695322
1081.89029503
1082.05518687
1082.14830732
