75.3796116784
65.8347414024
63.0221523568
61.8823243603
61.1922027618
60.8228906691
60.5769450143
60.4300247915
60.2873416431
60.1428049691
59.9541382119
59.8459213935
59.750917431
59.6680056602
59.5901666917
59.5171402954
59.4484289289
59.4185963944
59.3988493979
59.3462952338
59.2983887717
59.2782163136
59.1414764896
59.0799467005
59.0629480481
59.0089360327
58.9811205305
58.9810057841
58.9610633403
58.9389918298
58.9175649397
58.8977108039
58.8759889193
58.8394955955
58.7679319382
58.7107724212
58.6770067215
58.6781573556
58.6444580033
58.6664196774
58.6102275215
58.6303409822
58.6261433922
58.6200592481
58.6161992997
58.6116188169
58.5976374187
58.6445426792
58.6327681988
58.5828115754
