2240.8535108
639.5094935
477.621932447
395.550870024
364.322706908
345.529227927
332.904754207
323.014361814
315.578430504
309.28379745
304.26898326
300.48506695
297.610146061
295.927200451
293.997875333
292.855971128
291.411115609
290.641275965
289.30827482
288.751496278
287.795177288
287.507864155
286.584357232
286.215652883
286.004430994
285.220337905
285.218457304
284.609230682
284.537981324
284.103680603
283.56185317
283.82075952
283.146313749
283.142336436
282.842166275
282.48323258
282.852644078
282.531074233
282.467797436
282.196074583
282.249011442
281.890869193
281.863512278
281.733510807
281.456265129
281.504259482
281.433873788
281.381605089
281.125852592
281.256461859
