151.970100805
148.812748723
148.465917118
148.269558996
148.055208921
147.858341672
147.669609271
147.481780842
147.369542837
147.102558285
146.689854383
146.729938745
146.758218244
146.538474172
146.610389132
146.49040449
146.47402893
146.389750984
146.268859528
146.287256002
146.33976806
146.257787142
146.265282404
146.204473175
146.270738538
146.293527015
146.232520252
146.166364364
146.261076719
146.230095383
146.256015908
146.185104646
146.214460846
146.218739945
146.212895326
146.181296375
146.205801707
146.148429357
146.167256653
146.191813119
146.19283326
146.041932464
146.379380982
145.923964053
145.85416995
146.083464216
146.340987556
146.379340056
145.885046344
146.370754302
