-5.082579851150512695e-01
-4.903264641761779785e-01
-4.887721836566925049e-01
-4.948094189167022705e-01
-4.558372497558593750e-01
-4.901617169380187988e-01
-4.715098440647125244e-01
-4.855051934719085693e-01
-5.103155374526977539e-01
-4.739595651626586914e-01
-4.984524846076965332e-01
-5.559233427047729492e-01
-5.204208493232727051e-01
-4.829846024513244629e-01
-5.079727172851562500e-01
-5.047676563262939453e-01
-4.846814572811126709e-01
-4.620595872402191162e-01
-5.189301371574401855e-01
-4.903788566589355469e-01
