9.887337684631347656e-02
-4.221759438514709473e-01
-4.583535194396972656e-01
-3.829779624938964844e-01
-4.620675742626190186e-01
-3.896350264549255371e-01
1.021884381771087646e-01
-3.508252799510955811e-01
-4.791828095912933350e-01
-3.984168767929077148e-01
-4.089619815349578857e-01
-3.736974895000457764e-01
-3.951443433761596680e-01
-4.331117272377014160e-01
-3.217847347259521484e-01
-4.222748279571533203e-01
-4.158291816711425781e-01
-3.539921343326568604e-01
-4.787066876888275146e-01
-4.792141914367675781e-01
