-3.670915216207504272e-02
-3.252606987953186035e-01
-5.935043692588806152e-01
-4.888511896133422852e-01
-6.135804057121276855e-01
-3.662956953048706055e-01
-1.077201142907142639e-01
-6.185512542724609375e-01
-2.045676112174987793e-01
-3.022645972669124603e-02
-1.556171625852584839e-01
-5.761399865150451660e-01
-5.421059131622314453e-01
1.498272363096475601e-02
3.446300745010375977e+00
-7.337679266929626465e-01
-3.336248099803924561e-01
-6.840893030166625977e-01
-6.083047389984130859e-01
-5.169606804847717285e-01
