7.968592643737792969e-02
1.002507167868316174e-03
8.783064037561416626e-02
-1.541946232318878174e-01
-1.159798633307218552e-02
-8.125765621662139893e-02
1.464053839445114136e-01
-1.911451667547225952e-02
-1.504210084676742554e-01
-1.790613122284412384e-02
-6.070516631007194519e-02
4.244868829846382141e-02
9.659329801797866821e-02
-1.614417880773544312e-01
-1.188982576131820679e-01
-9.865406900644302368e-02
-1.452521681785583496e-01
7.990650087594985962e-02
-4.561048373579978943e-02
-1.109636649489402771e-01
