20896.8167353
20612.1781731
20588.1838579
20564.439188
20540.8817263
20517.526083
20494.3317461
20471.3071585
20448.4032297
20425.6336727
20402.9858551
20380.453701
20358.0035095
20335.6757841
20313.4282646
20291.2855825
20269.2115946
20247.2230558
20225.3144102
20203.4738035
20181.71838
20160.0328722
20138.4210777
20116.8769369
20095.3991613
20073.9705534
20052.6252069
20031.3390894
20010.1064911
19988.9518385
19967.8659
19946.8321476
19925.8626413
19904.9563131
19884.1059685
19863.3206892
19842.604208
19821.9637413
19801.3610697
19780.8188515
19760.3698845
19739.9702263
19719.6353683
19699.3555508
19679.1366854
19659.000267
19638.9124737
19618.8879147
19598.9093094
19578.9994812
19559.1534739
19539.3477535
19519.6041517
19499.9229832
19480.2768822
19460.6844091
19441.1259146
19421.6016407
19402.1252337
19382.6788168
19363.2574377
19343.8792791
19324.5212946
19305.1878309
19285.7961369
19266.3450174
19246.7947025
19227.1499166
19207.3973341
19187.4897757
19167.430336
19147.1680422
19126.6587114
19105.8443432
19084.6337099
19062.978199
19040.7331285
19017.7889776
18993.928546
18968.9748325
