71990.8437376
66716.7312346
67333.9978418
66239.8285961
66336.254199
65755.4627886
64952.1532917
64882.6808996
63903.9073467
63189.57372
60924.0549965
59452.7430363
58358.0951042
57941.9948053
56872.3869238
55984.4561658
53990.8089023
54703.8203549
53353.6500077
53613.5042386
52456.6027737
51631.9684563
51797.7506971
51370.5782156
51142.7123065
50651.8139689
49874.8546681
49810.6795931
49436.9419355
49213.7439942
48861.7435493
48522.1463175
48183.7812343
47840.7051129
47463.6248531
47062.1283712
46627.2257266
46365.3242841
45536.724679
45974.6690242
45554.0937886
45318.8279018
45070.9146438
44763.4283695
44450.9708252
