1588807.56158
1546068.11298
1544519.41174
1516960.20013
1467416.05414
1401076.70624
1210369.74072
909242.408081
886216.373901
876616.790588
866468.466553
855671.157898
844077.092224
831447.367798
817418.235718
801431.318024
782590.686554
759503.209717
730388.289001
692907.815308
641969.749939
565360.795288
431864.239502
207802.921982
59796.7687397
43546.1055794
42062.6624546
41308.3475933
40746.8709965
40294.114048
39910.8341637
39572.0577106
39261.1577549
38966.8565102
38681.6278782
38400.4148865
38120.0352097
37838.5860825
37555.4794617
37271.1670837
36987.245573
36706.2184391
36431.1010838
36164.7625465
35909.1833401
35665.0254078
35431.7540684
35208.0099354
34992.0296326
34781.7391148
34575.9884777
34374.0395222
34175.2467537
33979.0862656
33785.3042393
33593.7391987
33404.2785206
33216.8553238
33031.4687519
32848.0910015
32666.7534046
32487.4358845
32310.1430683
32134.8253021
31961.5218182
31790.1929703
31620.842947
31453.4645977
31288.0558929
31124.6189327
30963.1542702
30803.7017326
30646.2304192
30490.7833958
30337.3871899
30186.0561485
30036.8297367
29889.6679287
29744.6852055
29601.8319798
