29807.4547348
29256.6850882
29121.5284519
28988.9316874
28858.5984268
28730.498457
28604.5489302
28480.7527657
28359.0996904
28239.5144215
28121.9457512
28006.3435936
27892.6302948
27780.7617216
27670.6474648
27562.2506437
27455.5285044
27350.4091969
27246.8775682
27144.9158707
27044.5111418
26945.7246723
26848.4933081
26752.8913269
26658.8781385
26566.4419565
26475.6038885
26386.3200836
26298.5605488
26212.3042307
26127.5003242
26044.1344032
25962.1199541
25881.4353752
25802.0371161
25723.8351059
25646.7659264
25570.7645559
25495.738121
25421.6446142
25348.4119692
25275.9924221
25204.3898315
25133.5298519
25063.3692265
24993.9979773
24925.3286533
24857.4117632
24790.3030062
24724.0821848
24658.7816658
24594.4983463
24531.1953268
24468.8552675
24407.4721823
24347.001296
24287.4544296
24228.7751846
24170.9753284
24114.0043697
24057.816308
24002.3827076
23947.6659527
23893.6264706
23840.2359629
23787.4752607
23735.2935295
23683.7528973
23632.7572632
23582.3505535
23532.5285406
23483.2486238
23434.5377665
23386.4046984
23338.7963028
23291.7778788
23245.322752
23199.3961058
23154.0613308
23109.2526302
