23469.8103046
23140.2747068
23092.0797958
23045.2299671
22999.2936506
22954.1714907
22909.7215252
22865.9559422
22822.8470459
22780.2985344
22738.3265543
22696.9122791
22656.05229
22615.6935616
22575.8509054
22536.5020075
22497.642518
22459.2593775
22421.3223677
22383.7956171
22346.7585764
22310.1170292
22273.9321508
22238.1666584
22202.7695398
22167.7778568
22133.1980133
22098.9638414
22065.0937395
22031.5882244
21998.4186497
21965.6108427
21933.1253614
21900.9618864
21869.1177416
21837.5910854
21806.3452492
21775.4326439
21744.7861452
21714.4206533
21684.3576422
21654.5689869
21625.0521994
21595.7888651
21566.8083515
21538.0886583
21509.6240368
21481.4076157
21453.3809643
21425.6049128
21398.0372248
21370.6646118
21343.4634018
21316.5005026
21289.7152948
21263.1060658
21236.6880016
21210.451582
21184.3764372
21158.5107994
21132.7895622
21107.2135973
21081.8376112
21056.6239691
21031.5650311
21006.6606884
20981.9162035
20957.3413887
20932.9351425
20908.6807489
20884.5667105
20860.6475487
20836.8176956
20813.1629868
20789.61061
20766.2218189
20743.0064888
20719.8642607
20696.8744564
20674.0200758
