1586094.70496
1552693.85315
1526799.64136
1453746.4472
1272948.9812
906026.022522
875759.634857
862786.256958
848922.749878
833842.930542
816968.643982
797301.03894
773061.683563
742052.252838
701946.621368
645441.300903
550549.740967
367081.070969
130988.486721
62972.2947102
59172.4162521
58194.7467079
57442.8613815
56789.2345638
56196.1794872
55641.5814342
55111.388998
54596.6469765
54091.6880398
53593.5379086
53099.4160843
52604.2757664
52105.9348354
51602.1046619
51090.3736115
50568.3154068
50034.4965172
49489.8925438
48940.5353489
48398.1980534
47876.6921234
47384.0956154
46919.0574837
46474.0659218
46041.3097973
45615.4033642
45193.3683891
44774.0166206
44357.0858936
43943.2283287
43533.5608482
43129.2025166
42731.0566311
42339.8129959
41956.1390591
41580.5745554
41213.7375126
40856.1045103
40508.0827236
40169.7955074
39841.0776901
39521.3920183
39209.0034637
38899.9234142
38596.4868336
38309.2773695
38042.1765604
37783.0464277
37529.7456579
37289.1781597
37056.1829605
36782.773963
36539.4422836
35967.4817791
35930.6022787
35944.1632986
35803.0969324
35353.2513466
35591.886157
35187.2395773
