10168.8584976
7177.36963272
7987.51318741
4073.62563324
3934.8241272
4092.03881073
4513.84495926
4252.99967957
4705.07048416
4190.03522873
4107.37154007
4165.94703293
4384.35614777
3756.18589783
3963.60018921
4125.0269165
4169.77591705
4601.59493637
4650.54993439
4286.58841324
4069.76252365
4183.12892532
4306.74061584
4317.26822662
4476.83213425
4505.27433395
4143.92008972
3805.1084137
4855.27401733
3834.27593613
4358.25024414
4074.85910034
4610.12846375
4157.43260574
4105.8741684
4308.69423676
4274.48742294
4167.19497299
4165.65691376
4351.34623718
4611.80205917
3960.4083786
4940.01815414
4646.85017395
4387.8231163
4584.19431305
4213.40566254
4665.59058762
3678.09590149
4538.46088409
