9933.94765091
5065.61463165
4818.8328476
4269.42866135
3591.00434494
4045.15219498
4486.31247711
3942.87705231
4033.67541504
4030.7305336
4053.95039368
4197.36743546
4215.1993866
4556.79487228
4056.4071312
4793.97617722
4265.89733505
4147.10655594
4289.95122528
3971.80469894
4391.23012924
4324.1384697
5166.80111694
4242.03055954
3714.85942078
4819.2682991
4151.39043427
4232.93795395
4048.25125122
5046.04794312
5203.80807877
4295.56461716
4618.77734375
4846.23609161
4053.80861282
6111.1561203
3670.75345612
5940.59459305
4150.93155289
4678.85190201
4729.40441132
4917.1415596
4306.38666916
3905.95831299
4019.19708252
4276.62521362
4437.92038727
4212.17260361
4747.61799622
4631.87526703
