52877.6555157
43786.4097595
44541.0046692
43902.8013496
44742.1148987
45279.0724945
45750.3721237
43528.4372673
43490.3236618
44574.5738144
43291.2284508
43057.037838
44379.2118301
43425.1824226
43127.4559898
45082.1486855
43091.0942459
44882.5969658
44434.2769508
43800.3923264
44067.0648689
40870.778656
43602.4563599
44378.6252594
43142.3065376
43500.7558403
43972.8389282
43567.9926796
45252.318821
44356.0322723
43085.6856041
42615.576107
43516.8569412
41947.0674629
43082.7582054
42747.6044083
45536.61026
42728.7727165
43834.9951706
43158.9380646
42720.1305389
43440.7115936
42993.1036911
43144.2345886
43962.3251457
45349.9922485
43000.3810081
43587.0270004
42538.1594009
45459.4591942
43287.4918671
43580.1414871
42427.805706
44725.1052704
42907.1443214
44224.5182228
42615.2011108
42927.2070389
42692.1100922
43372.9089012
44374.0187912
45411.0790863
43091.2956543
43547.6117058
44163.3097
44853.0123405
43751.4514618
44604.5535202
43285.2363091
43600.6189842
42616.8919907
42535.0873184
44542.0729866
43209.3707352
42930.3958817
43469.6286888
43976.920433
43006.5200462
44038.9326134
42120.3281822
43946.8560753
43683.936882
43959.8424644
44430.0136299
42932.9975014
43907.0338287
43287.5971031
42794.3020706
44103.5853653
42584.64394
45133.8984947
41763.3980408
44750.1488152
43350.7482491
42511.4192696
42031.6214981
42949.3074951
43618.2209625
42639.5754166
44985.4041252
43343.9255753
42972.297554
43197.3879318
43128.2097626
42093.9600372
43708.0790977
42635.9998856
43137.1572342
46196.7773743
45046.8307533
44060.3546753
43941.7002449
43975.0954247
46736.7492256
43076.8161507
43080.1508102
42727.5637932
43913.6525803
42398.4018021
42014.4913445
42130.6658974
44329.7971458
43875.6026878
44070.7107811
44059.729538
43651.7090836
43601.6136513
43495.8311653
41037.4320068
43369.7856102
42714.6242943
44883.0129814
43080.4231758
43926.5936165
44034.4163666
43313.4040871
43857.6098824
43856.2460251
42265.729538
43319.9405251
43473.8500252
41823.6179848
41917.6083908
44105.5020027
42474.8832626
43382.2715759
43011.5379486
45824.3677101
43142.2744484
42893.3996849
43196.8526268
42662.3761063
43735.1386185
