7829.85854411
4703.1593864
4703.09753966
4702.97330832
4702.70552588
4702.11396527
4700.79236507
4697.83167338
4691.26995492
4676.88356853
4645.0184114
4572.50987053
4404.71958232
4024.68086338
3244.79431033
2039.86126798
1218.71588635
1091.44328731
1041.06788081
994.274791181
948.265448809
902.6082623
857.147355497
811.76514864
766.346433401
720.773053765
674.923918366
628.678086221
581.921001107
534.556363791
486.528949291
437.867138326
388.758817077
339.687406555
291.657637343
246.526145115
207.286383845
177.581943236
159.209587075
149.601008885
144.380165175
140.848507494
137.94102741
135.295665368
132.789941795
130.379169978
128.043978631
125.773701958
123.56107261
121.400225244
119.286185078
117.21457012
115.181493558
113.183404393
111.217095688
109.279665165
107.36849016
105.481149547
103.615385517
101.76920471
99.9407180622
98.1282159239
96.3300952315
94.5448511243
92.7711706869
91.0077916905
89.2535227835
87.5072775036
85.7681115419
84.0350867398
82.3073730841
80.5842064805
78.86485691
77.1487289108
75.4352357835
73.7238883935
72.0142272562
70.3058818057
68.5985984504
66.892118372
