1.68870759808
1.6868505039
1.68538370321
1.68394393794
1.68252113697
1.68111151556
1.67971191183
1.67832213858
1.67694341723
1.67557524669
1.67421388306
1.67286100541
1.67151422458
1.67017366193
1.66883830389
1.66750801008
1.66618226157
1.66486368608
1.66354769544
1.66223652189
1.6609299205
1.65962440596
1.65832323371
1.65702674753
1.65573384872
1.6544439042
1.65315816551
1.65187560074
1.65059306592
1.64931422489
1.64803837534
1.64676442035
1.64549314132
1.64422537302
1.64295964083
1.64169455587
1.64043132562
1.63917133637
1.63791429772
1.63665989955
1.63541016064
1.63416259192
1.63291747498
1.63167371225
1.63043157585
1.62919281336
1.62795506659
1.62671891545
1.62548606127
1.6242555152
1.62302451901
1.62179742529
1.62057212807
1.61934876064
1.61812722491
1.61690763594
1.61569015167
1.61447274237
1.61325752042
1.61204552394
1.61083344449
1.60962515685
1.60841706442
1.60721328732
1.60600951282
1.60481044592
1.60361157407
1.60241466801
1.60122058782
1.60002911225
1.59883861925
1.59764821723
1.59646116151
1.59527402624
1.5940897594
1.59290670729
1.59172696585
1.59054669697
1.58937083109
1.58819570765
