66.5674530938
66.3333505392
66.1040011831
65.8748042248
65.6456737742
65.4165167287
65.1872709394
64.9579388984
64.7284953035
64.4989425167
64.2692496777
64.0394218676
63.8094242066
63.57926194
63.3489324078
63.1184398755
62.8877952546
62.6569698043
62.4259599335
62.1947643906
61.9633805044
61.7318265177
61.5000609793
61.2680984661
61.0359309576
60.8035467342
60.5709782392
60.3382195979
60.1052253544
59.8720250949
59.6386140138
59.4050153792
59.1712081768
58.9371759258
58.7029167041
58.4684461541
58.233743012
57.9988061152
57.7636528797
57.5282641575
57.2926358804
57.0567790233
56.8206913061
56.5843829848
56.3478702269
56.1111289114
55.8741453961
55.6369293146
55.399487026
55.1617980488
54.9238479808
54.6856601909
54.4472203813
54.2085479423
53.9696523473
53.7304942422
53.4911045358
53.2514534183
53.0115588233
52.7714229263
52.5310492888
52.2904457338
52.0495980196
51.8084841669
51.5671390574
51.3255501874
51.08369058
50.8415849134
50.5992374122
50.3566248361
50.1137589719
49.870667845
49.6273142751
49.3836738002
49.1397809051
48.8956365921
48.6512636188
48.4066503569
48.1617667414
47.916634582
