2.37558090588
2.33273124654
2.29267150891
2.25603495503
2.22247363062
2.1917266759
2.16370036703
2.13799515553
2.11455498205
2.09313982131
2.07358982356
2.05572548532
2.03940006823
2.02446648048
2.01077946328
1.99819797825
1.98659670778
1.9758965738
1.96606209705
1.95703907072
1.94892278651
1.94120686676
1.93392343126
1.92725240078
1.92099947232
1.91512157914
1.90983388235
1.90504336369
1.90028543927
1.89578961988
1.89153823699
1.88743302564
1.88333327201
1.87955467735
1.87604306446
1.87268318457
1.86946188315
1.86633779987
1.86330083135
1.8603474368
1.85747580923
1.8546793274
1.85195316671
1.84929283673
1.84668635851
1.84413268365
1.84162389662
1.83915871475
1.83673257631
1.83434366487
1.83198400296
1.82965629938
1.82735386194
1.82507438737
1.82281847566
1.82058095332
1.81836445886
1.81616813928
1.81398612197
1.81181955221
1.80966805661
1.80752893869
1.80540112988
1.8032840474
1.80117901426
1.79908591945
1.79700529121
1.79493004968
1.79286765377
1.79081261856
1.78876773076
1.78673011402
1.78469937464
1.78267438308
1.78065730911
1.77864933125
1.77664819028
1.77465437347
1.77266757644
1.77068581746
