1.65567586647
1.65536504373
1.65352723358
1.65170824114
1.64991517633
1.64813755034
1.64637412626
1.64462357218
1.64288575447
1.6411604418
1.6394418577
1.63773407845
1.63603243075
1.63434161618
1.63265246619
1.6309691497
1.62929135771
1.62761647161
1.62595000048
1.62427062617
1.62261775596
1.62094489735
1.61927222746
1.61761305056
1.6159613994
1.61430585413
1.61262580019
1.61096328951
1.60932072566
1.60768551833
1.60608367919
1.60448226472
1.60292523244
1.60137294736
1.59972679615
1.59803708832
1.59657767194
1.59485816929
1.59419917397
1.59208604277
1.59049983282
1.58890781261
1.58731243483
1.58571079589
1.58410467583
1.5824633083
1.58102227678
1.57889325419
1.57734417403
1.57587640153
1.57435887944
1.57282477268
1.57118845813
1.56964366007
1.56851299349
1.56699166179
1.56515029891
1.5636398397
1.56195773528
1.56040518903
1.55891970044
1.55732023847
1.55583023664
1.55429994938
1.55282261589
1.55132207306
1.54985013418
1.54838162818
1.54696424628
1.54549990545
1.54403839807
1.54260588216
1.54115918759
1.5397763323
1.53833310772
1.53693241553
1.5355144171
1.53409393528
1.53268034791
1.5312412018
