27.3729178868
26.8809631933
26.3936160319
25.9081263859
25.4244185761
24.9424013104
24.4620205499
23.9832917238
23.5062666964
23.0309619382
22.5573976012
22.0856370283
21.6157478234
21.1478616502
20.6820359873
20.2184232008
19.7571232216
19.2982299579
18.8418977391
18.3882627878
17.9374796236
17.4897414688
17.0451489817
16.6038659764
16.1660741856
15.7319373265
15.3016697401
14.8754409729
14.4534491478
14.0359088546
13.6230339054
13.2149851988
12.8119782209
12.4142903564
12.0220923158
11.635597758
11.2550418754
10.8806556687
10.5126660164
10.1512799705
9.79674656037
9.44924441306
9.10904239723
8.77636096254
8.45135678956
8.13428083109
7.82528686617
7.52457254101
7.23232572991
6.94870950026
6.67385600624
6.40788477915
6.15093127638
5.90310283913
5.66445194068
5.43503174954
5.21486243187
5.00397803658
4.80233187741
4.60988338897
4.42656875448
4.25228959019
4.08694099565
3.9303750809
3.78241555265
3.64286891965
3.5115211762
3.38813545869
3.27244609292
3.16419740103
3.06309795228
2.96884872799
2.88115076872
2.79968183301
2.72412776621
2.65416185895
2.58948506915
2.52977635321
2.47472875094
2.424030995
