48.2830409035
48.0301337633
47.780335376
47.5308021083
47.2814947646
47.0323785059
46.7833967749
46.5344891977
46.2856511008
46.0368195213
45.7879499476
45.5390440635
45.2900558505
45.0410042163
44.7918401603
44.5425327793
44.2931037005
44.0435360763
43.7937983982
43.5438963212
43.2938441802
43.0436161086
42.7931969333
42.5426108073
42.2918432672
42.0408812426
41.789732771
41.5383793581
41.2868315689
41.0350738429
40.7831112295
40.5309443697
40.2785871774
40.0260455031
39.7732766028
39.5203212537
39.2671687212
39.0138156004
38.7602588553
38.5065101292
38.2525729984
37.9984603524
37.7441625949
37.4896947555
37.2350410633
36.9802213237
36.725232631
36.4700512681
36.2146883067
35.9591377284
35.7034633104
35.4476357177
35.1916378699
34.9354760516
34.6791833006
34.4227342289
34.1661437601
33.9094538987
33.6526192222
33.3956732135
33.1386268884
32.8814565111
32.6241859812
32.3668127656
32.1093458142
31.8517873939
31.5941526107
31.3364223316
31.0786224566
30.8207716104
30.562892884
30.3049822934
30.0470306873
29.7890470885
29.5310461428
29.2730049565
29.0149462819
28.7569168191
28.498896651
28.2409124039
