-2.222433499991893768e-02
1.139423996210098267e-02
-2.089994028210639954e-02
5.426141619682312012e-02
-7.368250936269760132e-02
-1.179045066237449646e-01
-5.413061752915382385e-02
-1.130813211202621460e-01
1.260825544595718384e-01
-1.144101321697235107e-01
-1.429144293069839478e-01
-2.397528849542140961e-02
1.812097877264022827e-01
1.077874004840850830e-01
6.643346697092056274e-02
1.315474137663841248e-02
3.104251436889171600e-02
-9.309444576501846313e-02
7.705049216747283936e-02
5.912015214562416077e-02
8.756691217422485352e-02
-2.535492368042469025e-02
-1.879083216190338135e-01
-2.129509299993515015e-01
-2.887156791985034943e-02
-2.624203562736511230e-01
1.153422370553016663e-01
2.521409466862678528e-02
7.896345853805541992e-02
5.229277908802032471e-02
-2.406875975430011749e-02
-1.425949484109878540e-01
-3.930043056607246399e-02
1.804426461458206177e-01
4.695935919880867004e-02
-3.586539626121520996e-02
-1.406281888484954834e-01
1.090719029307365417e-01
-3.464614972472190857e-02
1.903479993343353271e-01
7.221768051385879517e-02
1.171889901161193848e-01
-3.143240511417388916e-02
-7.136712968349456787e-02
1.279760748147964478e-01
1.803566813468933105e-01
-6.960535794496536255e-02
7.760799676179885864e-02
-1.357457693666219711e-02
7.656265050172805786e-02
