1.316731125116348267e-01
-1.537025813013315201e-02
9.111057221889495850e-02
-7.985267043113708496e-02
-1.098344102501869202e-02
2.864266745746135712e-02
7.650562375783920288e-02
-6.232068315148353577e-02
9.971884638071060181e-02
2.178503759205341339e-02
-1.081536486744880676e-01
-1.988933235406875610e-01
1.557749062776565552e-01
-1.692418940365314484e-02
-1.378839462995529175e-01
-2.976171486079692841e-02
8.429016917943954468e-02
9.240525215864181519e-02
-4.814735800027847290e-02
-1.697687655687332153e-01
9.743315167725086212e-03
-1.065014768391847610e-02
-1.785101443529129028e-01
1.716077774763107300e-01
-1.178132519125938416e-01
1.151645258069038391e-01
4.535775631666183472e-02
-8.160728216171264648e-02
9.515426307916641235e-02
1.391755342483520508e-01
1.557222753763198853e-02
1.050485018640756607e-02
1.145064234733581543e-01
-1.046046912670135498e-01
2.131527476012706757e-02
2.561081759631633759e-02
-9.969017654657363892e-02
5.531301721930503845e-02
-8.887257426977157593e-02
3.404022455215454102e-01
3.439906984567642212e-02
-4.367307201027870178e-02
-1.526404321193695068e-01
-8.311211317777633667e-02
3.431425616145133972e-02
-2.801328301429748535e-01
-9.358686208724975586e-02
-4.037704691290855408e-02
1.288511157035827637e-01
1.289234459400177002e-01
