-5.339987576007843018e-02
-8.003466576337814331e-02
-1.666770875453948975e-01
9.988056868314743042e-02
-1.149187609553337097e-01
6.962369382381439209e-02
-4.652714356780052185e-02
-8.217091858386993408e-02
1.623841077089309692e-01
-1.151532121002674103e-02
4.441633820533752441e-02
6.150935217738151550e-02
-1.191392242908477783e-01
-2.308337949216365814e-02
4.945589462295174599e-04
6.272223591804504395e-02
-3.113706968724727631e-02
1.105397641658782959e-01
-3.860111162066459656e-02
2.238161116838455200e-02
1.074339374899864197e-01
2.090106718242168427e-02
3.883494809269905090e-02
-2.654097042977809906e-02
-1.075925026088953018e-02
1.039914786815643311e-01
-1.635876893997192383e-01
1.385692059993743896e-01
4.693533107638359070e-02
3.050087951123714447e-02
5.748951807618141174e-03
-4.248777031898498535e-02
3.757404983043670654e-01
-3.977214917540550232e-02
5.715458188205957413e-03
-4.352131858468055725e-02
2.365825884044170380e-02
3.293090313673019409e-02
1.135919466614723206e-01
1.165839359164237976e-01
2.127784490585327148e-02
-2.388957887887954712e-01
2.163810282945632935e-01
-6.836006790399551392e-02
-6.658135354518890381e-02
2.927632071077823639e-02
2.592485249042510986e-01
9.762180969119071960e-03
-6.432024389505386353e-02
7.171113789081573486e-02
