1.331250816583633423e-01
-5.092999897897243500e-03
2.280583046376705170e-02
1.772217750549316406e-01
-1.299245208501815796e-01
6.745667755603790283e-02
6.277719885110855103e-02
1.630522310733795166e-02
-6.511604040861129761e-02
7.497953623533248901e-02
-1.430147737264633179e-01
-1.455286424607038498e-02
-1.321458816528320312e-01
-1.122088506817817688e-01
-1.197720542550086975e-01
-1.241058185696601868e-01
-4.443621635437011719e-02
-5.341072753071784973e-02
7.468209415674209595e-02
-1.409565806388854980e-01
1.771471649408340454e-02
8.818972855806350708e-02
-3.431508690118789673e-02
-8.027211576700210571e-02
1.416219770908355713e-01
1.133164614439010620e-01
1.767973899841308594e-01
-1.281945258378982544e-01
-1.678781770169734955e-02
1.233212426304817200e-01
6.498382985591888428e-02
1.818130463361740112e-01
6.754670292139053345e-02
3.989228233695030212e-02
-5.881755799055099487e-02
-1.525197476148605347e-01
-1.519602239131927490e-01
6.434645503759384155e-02
1.682716757059097290e-01
6.320472806692123413e-02
-6.782837212085723877e-02
-2.155275493860244751e-01
8.864574134349822998e-02
-4.625439469236880541e-04
1.786491870880126953e-01
-1.291711926460266113e-01
4.722904041409492493e-02
-6.557691842317581177e-02
1.108420826494693756e-02
-8.383912593126296997e-02
