2.008941918611526489e-01
4.949291050434112549e-02
-6.791172921657562256e-02
-9.345434606075286865e-02
5.489999055862426758e-02
6.270915269851684570e-02
-8.128356933593750000e-02
-1.177422478795051575e-01
-7.480512559413909912e-02
-3.234437108039855957e-02
1.590917631983757019e-02
-1.428293138742446899e-01
-4.533990100026130676e-02
2.632432281970977783e-01
1.278080642223358154e-01
-1.753179132938385010e-01
-9.557041525840759277e-02
-1.614757180213928223e-01
4.248629510402679443e-02
3.743199259042739868e-02
-7.798675447702407837e-02
-9.196784347295761108e-02
-6.318777333945035934e-03
-1.065637320280075073e-01
-3.570979833602905273e-02
8.957380801439285278e-02
2.926092362031340599e-03
-4.067720845341682434e-02
4.023595526814460754e-02
1.515099853277206421e-01
1.420352458953857422e-01
6.521842628717422485e-02
5.056641250848770142e-02
9.103015810251235962e-02
-2.375928452238440514e-03
-8.892007172107696533e-02
1.288188695907592773e-01
-6.888262927532196045e-02
1.379579603672027588e-01
8.840394020080566406e-02
7.299748808145523071e-02
9.802007675170898438e-02
1.003536060452461243e-01
7.310114800930023193e-03
8.874496072530746460e-02
1.106770262122154236e-01
-9.999987483024597168e-02
1.119455508887767792e-02
3.488617017865180969e-02
-6.585018336772918701e-02
3.554239496588706970e-02
-8.885834366083145142e-02
-5.335494130849838257e-02
6.650599092245101929e-02
-1.765329539775848389e-01
-2.132996320724487305e-01
-1.142384018748998642e-02
1.136742904782295227e-01
-1.114624962210655212e-01
7.891780696809291840e-03
-5.820169299840927124e-02
9.969692677259445190e-02
-1.057685464620590210e-01
1.272856146097183228e-01
1.445944886654615402e-02
-9.660919010639190674e-02
2.193263173103332520e-01
6.189619004726409912e-02
5.141493305563926697e-02
-2.036700025200843811e-02
-1.595361828804016113e-01
6.482776254415512085e-02
-6.980238109827041626e-02
2.004608325660228729e-02
-8.595943450927734375e-02
-1.158078294247388840e-02
9.902266785502433777e-03
-1.159855648875236511e-01
-1.360577642917633057e-01
1.934458911418914795e-01
-8.118547499179840088e-02
-3.312404733151197433e-03
1.411657687276601791e-02
-1.688494905829429626e-02
-2.043218165636062622e-02
-1.404629275202751160e-02
-3.059424087405204773e-02
-2.143892273306846619e-02
-4.988010972738265991e-02
-9.319486469030380249e-02
9.295275062322616577e-02
-1.266123503446578979e-01
3.499982506036758423e-02
-6.711386889219284058e-02
-7.234640419483184814e-02
-1.084681674838066101e-01
1.467217057943344116e-01
-1.475941389799118042e-01
7.644754648208618164e-02
-9.375667572021484375e-02
